int	int	int	int	string	string	int	string
ID	SpecialMaterialD	SpecialMateriaNUM	AlchemyEXP	AlchemyItem	AlchemPreviewItem	BlastFurnaceLV	Introduce
ID	特殊材料ID	材料个数	特殊材料经验	产出物品权重，物品ID，数量	丹药产出预览	炼丹炉等级限制	特殊产出说明
1	4609	1	134	[[9000,4655,1],[1000,1128,1]]	[4655,1128]	2	90%概率炼制</r><color=#da48d5>玄龙丹[人级] </color>
11	4610	1	244	[[9000,4687,1],[1000,4681,1]]	[4687,4681]	3	90%概率炼制</r><color=#ff6701>玄龙丹[地级] </color>
21	4608	1	509	[[9000,200,1],[1000,4680,1]]	[200,4680]	4	90%概率炼制</r><color=#ff0303>坐骑兽魂：坎水之魂 </color>
22	4608	1	665	[[9000,201,1],[1000,4680,1]]	[201,4680]	5	90%概率炼制</r><color=#ff0303>坐骑兽魂：离火之魂 </color>
31	4606	1	759	[[10000,4183,1],[0,4206,1]]	[4183,4206]	4	10%概率炼制</r><color=#ff0303>极品灵宠：炎魔 </color>
32	4606	1	915	[[10000,4185,1],[0,253,1]]	[4185,253]	5	10%概率炼制</r><color=#ff6701>极品坐骑：火炎兽 </color>
41	4607	1	1622	[[7000,4688,1],[1500,4676,1],[1500,4677,1]]	[4688,4676,4677]	6	30%概率炼制</r><color=#ff0303>补天丹 </color>
