int	int	int	int
techID	attrType	attrValue	needPoint
科技ID*1000+等级	属性类型	属性值	升到目标等级需要贡献度
1001	41	50	470
1002	41	100	580
1003	41	150	700
1004	41	200	820
1005	41	250	960
1006	41	300	1100
1007	41	350	1250
1008	41	400	1410
1009	41	450	1590
1010	41	500	1770
1011	41	550	1960
1012	41	600	2170
1013	41	650	2380
1014	41	700	2610
1015	41	750	2850
1016	41	800	3100
1017	41	850	3360
1018	41	900	3640
1019	41	950	3930
1020	41	1000	4240
1021	41	1050	4560
1022	41	1100	4890
1023	41	1150	5240
1024	41	1200	5610
1025	41	1250	5990
1026	41	1300	6390
1027	41	1350	6800
1028	41	1400	7240
1029	41	1450	7690
1030	41	1500	8160
1031	41	1550	8650
1032	41	1600	9160
1033	41	1650	9690
1034	41	1700	10240
1035	41	1750	10810
1036	41	1800	11400
1037	41	1850	12010
1038	41	1900	12650
1039	41	1950	13310
1040	41	2000	13990
1041	41	2050	14700
1042	41	2100	15430
1043	41	2150	16190
1044	41	2200	16980
1045	41	2250	17790
1046	41	2300	18620
1047	41	2350	19490
1048	41	2400	20380
1049	41	2450	21300
1050	41	2500	22260
1051	41	2550	23240
1052	41	2600	24250
1053	41	2650	25290
1054	41	2700	26370
1055	41	2750	27480
1056	41	2800	28620
1057	41	2850	29790
1058	41	2900	31000
1059	41	2950	32250
1060	41	3000	33530
1061	41	3050	34840
1062	41	3100	36200
1063	41	3150	37590
1064	41	3200	39020
1065	41	3250	40490
1066	41	3300	42000
1067	41	3350	43550
1068	41	3400	45140
1069	41	3450	46780
1070	41	3500	48450
1071	41	3550	50170
1072	41	3600	51940
1073	41	3650	53750
1074	41	3700	55600
1075	41	3750	57510
1076	41	3800	59460
1077	41	3850	61450
1078	41	3900	63500
1079	41	3950	65600
1080	41	4000	67740
1081	41	4050	69940
1082	41	4100	72190
1083	41	4150	74500
1084	41	4200	76850
1085	41	4250	79260
1086	41	4300	81730
1087	41	4350	84260
1088	41	4400	86840
1089	41	4450	89470
1090	41	4500	92170
1091	41	4550	94930
1092	41	4600	97750
1093	41	4650	100620
1094	41	4700	103570
1095	41	4750	106570
1096	41	4800	109640
1097	41	4850	112770
1098	41	4900	115970
1099	41	4950	119240
1100	41	5000	127410
1101	41	5050	136260
1102	41	5100	136970
1103	41	5150	137730
1104	41	5200	138550
1105	41	5250	139410
1106	41	5300	140340
1107	41	5350	141320
1108	41	5400	142370
1109	41	5450	143480
1110	41	5500	144670
1111	41	5550	145930
1112	41	5600	147270
1113	41	5650	148690
1114	41	5700	150190
1115	41	5750	151790
1116	41	5800	153470
1117	41	5850	155250
1118	41	5900	157130
1119	41	5950	159120
1120	41	6000	161210
1121	41	6050	163410
1122	41	6100	165720
1123	41	6150	168150
1124	41	6200	170700
1125	41	6250	173370
1126	41	6300	176180
1127	41	6350	179110
1128	41	6400	182180
1129	41	6450	185380
1130	41	6500	188730
1131	41	6550	192220
1132	41	6600	195860
1133	41	6650	199650
1134	41	6700	203600
1135	41	6750	207710
1136	41	6800	211980
1137	41	6850	216420
1138	41	6900	221020
1139	41	6950	225800
1140	41	7000	230760
1141	41	7050	235900
1142	41	7100	241220
1143	41	7150	246730
1144	41	7200	252430
1145	41	7250	258320
1146	41	7300	264420
1147	41	7350	270710
1148	41	7400	277210
1149	41	7450	283920
1150	41	7500	290840
2001	42	50	350
2002	42	100	440
2003	42	150	520
2004	42	200	620
2005	42	250	720
2006	42	300	830
2007	42	350	940
2008	42	400	1060
2009	42	450	1190
2010	42	500	1330
2011	42	550	1470
2012	42	600	1620
2013	42	650	1790
2014	42	700	1950
2015	42	750	2130
2016	42	800	2320
2017	42	850	2520
2018	42	900	2730
2019	42	950	2950
2020	42	1000	3180
2021	42	1050	3420
2022	42	1100	3670
2023	42	1150	3930
2024	42	1200	4200
2025	42	1250	4490
2026	42	1300	4790
2027	42	1350	5100
2028	42	1400	5430
2029	42	1450	5770
2030	42	1500	6120
2031	42	1550	6490
2032	42	1600	6870
2033	42	1650	7260
2034	42	1700	7680
2035	42	1750	8100
2036	42	1800	8550
2037	42	1850	9010
2038	42	1900	9490
2039	42	1950	9980
2040	42	2000	10500
2041	42	2050	11030
2042	42	2100	11580
2043	42	2150	12140
2044	42	2200	12730
2045	42	2250	13340
2046	42	2300	13970
2047	42	2350	14620
2048	42	2400	15290
2049	42	2450	15980
2050	42	2500	16690
2051	42	2550	17430
2052	42	2600	18190
2053	42	2650	18970
2054	42	2700	19780
2055	42	2750	20610
2056	42	2800	21460
2057	42	2850	22340
2058	42	2900	23250
2059	42	2950	24180
2060	42	3000	25150
2061	42	3050	26130
2062	42	3100	27150
2063	42	3150	28190
2064	42	3200	29270
2065	42	3250	30370
2066	42	3300	31500
2067	42	3350	32660
2068	42	3400	33860
2069	42	3450	35080
2070	42	3500	36340
2071	42	3550	37630
2072	42	3600	38950
2073	42	3650	40310
2074	42	3700	41700
2075	42	3750	43130
2076	42	3800	44590
2077	42	3850	46090
2078	42	3900	47630
2079	42	3950	49200
2080	42	4000	50810
2081	42	4050	52460
2082	42	4100	54140
2083	42	4150	55870
2084	42	4200	57640
2085	42	4250	59450
2086	42	4300	61300
2087	42	4350	63190
2088	42	4400	65130
2089	42	4450	67110
2090	42	4500	69130
2091	42	4550	71200
2092	42	4600	73310
2093	42	4650	75470
2094	42	4700	77670
2095	42	4750	79930
2096	42	4800	82230
2097	42	4850	84580
2098	42	4900	86980
2099	42	4950	89430
2100	42	5000	95560
2101	42	5050	102190
2102	42	5100	102730
2103	42	5150	103300
2104	42	5200	103910
2105	42	5250	104560
2106	42	5300	105250
2107	42	5350	105990
2108	42	5400	106780
2109	42	5450	107610
2110	42	5500	108500
2111	42	5550	109450
2112	42	5600	110450
2113	42	5650	111510
2114	42	5700	112640
2115	42	5750	113840
2116	42	5800	115100
2117	42	5850	116440
2118	42	5900	117850
2119	42	5950	119340
2120	42	6000	120900
2121	42	6050	122550
2122	42	6100	124290
2123	42	6150	126110
2124	42	6200	128030
2125	42	6250	130030
2126	42	6300	132130
2127	42	6350	134330
2128	42	6400	136630
2129	42	6450	139040
2130	42	6500	141550
2131	42	6550	144170
2132	42	6600	146900
2133	42	6650	149740
2134	42	6700	152700
2135	42	6750	155780
2136	42	6800	158990
2137	42	6850	162310
2138	42	6900	165770
2139	42	6950	169350
2140	42	7000	173070
2141	42	7050	176930
2142	42	7100	180920
2143	42	7150	185050
2144	42	7200	189320
2145	42	7250	193740
2146	42	7300	198310
2147	42	7350	203030
2148	42	7400	207910
2149	42	7450	212940
2150	42	7500	218130
3001	43	50	350
3002	43	100	440
3003	43	150	520
3004	43	200	620
3005	43	250	720
3006	43	300	830
3007	43	350	940
3008	43	400	1060
3009	43	450	1190
3010	43	500	1330
3011	43	550	1470
3012	43	600	1620
3013	43	650	1790
3014	43	700	1950
3015	43	750	2130
3016	43	800	2320
3017	43	850	2520
3018	43	900	2730
3019	43	950	2950
3020	43	1000	3180
3021	43	1050	3420
3022	43	1100	3670
3023	43	1150	3930
3024	43	1200	4200
3025	43	1250	4490
3026	43	1300	4790
3027	43	1350	5100
3028	43	1400	5430
3029	43	1450	5770
3030	43	1500	6120
3031	43	1550	6490
3032	43	1600	6870
3033	43	1650	7260
3034	43	1700	7680
3035	43	1750	8100
3036	43	1800	8550
3037	43	1850	9010
3038	43	1900	9490
3039	43	1950	9980
3040	43	2000	10500
3041	43	2050	11030
3042	43	2100	11580
3043	43	2150	12140
3044	43	2200	12730
3045	43	2250	13340
3046	43	2300	13970
3047	43	2350	14620
3048	43	2400	15290
3049	43	2450	15980
3050	43	2500	16690
3051	43	2550	17430
3052	43	2600	18190
3053	43	2650	18970
3054	43	2700	19780
3055	43	2750	20610
3056	43	2800	21460
3057	43	2850	22340
3058	43	2900	23250
3059	43	2950	24180
3060	43	3000	25150
3061	43	3050	26130
3062	43	3100	27150
3063	43	3150	28190
3064	43	3200	29270
3065	43	3250	30370
3066	43	3300	31500
3067	43	3350	32660
3068	43	3400	33860
3069	43	3450	35080
3070	43	3500	36340
3071	43	3550	37630
3072	43	3600	38950
3073	43	3650	40310
3074	43	3700	41700
3075	43	3750	43130
3076	43	3800	44590
3077	43	3850	46090
3078	43	3900	47630
3079	43	3950	49200
3080	43	4000	50810
3081	43	4050	52460
3082	43	4100	54140
3083	43	4150	55870
3084	43	4200	57640
3085	43	4250	59450
3086	43	4300	61300
3087	43	4350	63190
3088	43	4400	65130
3089	43	4450	67110
3090	43	4500	69130
3091	43	4550	71200
3092	43	4600	73310
3093	43	4650	75470
3094	43	4700	77670
3095	43	4750	79930
3096	43	4800	82230
3097	43	4850	84580
3098	43	4900	86980
3099	43	4950	89430
3100	43	5000	95560
3101	43	5050	102190
3102	43	5100	102730
3103	43	5150	103300
3104	43	5200	103910
3105	43	5250	104560
3106	43	5300	105250
3107	43	5350	105990
3108	43	5400	106780
3109	43	5450	107610
3110	43	5500	108500
3111	43	5550	109450
3112	43	5600	110450
3113	43	5650	111510
3114	43	5700	112640
3115	43	5750	113840
3116	43	5800	115100
3117	43	5850	116440
3118	43	5900	117850
3119	43	5950	119340
3120	43	6000	120900
3121	43	6050	122550
3122	43	6100	124290
3123	43	6150	126110
3124	43	6200	128030
3125	43	6250	130030
3126	43	6300	132130
3127	43	6350	134330
3128	43	6400	136630
3129	43	6450	139040
3130	43	6500	141550
3131	43	6550	144170
3132	43	6600	146900
3133	43	6650	149740
3134	43	6700	152700
3135	43	6750	155780
3136	43	6800	158990
3137	43	6850	162310
3138	43	6900	165770
3139	43	6950	169350
3140	43	7000	173070
3141	43	7050	176930
3142	43	7100	180920
3143	43	7150	185050
3144	43	7200	189320
3145	43	7250	193740
3146	43	7300	198310
3147	43	7350	203030
3148	43	7400	207910
3149	43	7450	212940
3150	43	7500	218130
4001	75	260	1730
4002	75	530	2140
4003	75	800	2570
4004	75	1060	3030
4005	75	1330	3530
4006	75	1600	4050
4007	75	1860	4610
4008	75	2130	5210
4009	75	2400	5840
4010	75	2660	6520
4011	75	2930	7230
4012	75	3200	7980
4013	75	3460	8770
4014	75	3730	9600
4015	75	4000	10490
4016	75	4260	11420
4017	75	4530	12390
4018	75	4800	13410
4019	75	5060	14480
4020	75	5330	15610
4021	75	5600	16790
4022	75	5860	18020
4023	75	6130	19310
4024	75	6400	20660
4025	75	6660	22070
4026	75	6930	23540
4027	75	7200	25070
4028	75	7460	26660
4029	75	7730	28330
4030	75	8000	30070
4031	75	8260	31870
4032	75	8530	33750
4033	75	8800	35690
4034	75	9060	37720
4035	75	9330	39820
4036	75	9600	42000
4037	75	9860	44260
4038	75	10130	46620
4039	75	10400	49050
4040	75	10660	51570
4041	75	10930	54180
4042	75	11200	56870
4043	75	11460	59670
4044	75	11730	62560
4045	75	12000	65540
4046	75	12260	68630
4047	75	12530	71810
4048	75	12800	75110
4049	75	13060	78510
4050	75	13330	82010
4051	75	13600	85620
4052	75	13860	89360
4053	75	14130	93200
4054	75	14400	97170
4055	75	14660	101250
4056	75	14930	105460
4057	75	15200	109780
4058	75	15460	114240
4059	75	15730	118830
4060	75	16000	123550
4061	75	16260	128400
4062	75	16530	133390
4063	75	16800	138520
4064	75	17060	143790
4065	75	17330	149210
4066	75	17600	154770
4067	75	17860	160490
4068	75	18130	166350
4069	75	18400	172370
4070	75	18660	178550
4071	75	18930	184890
4072	75	19200	191390
4073	75	19460	198060
4074	75	19730	204900
4075	75	20000	211910
4076	75	20260	219100
4077	75	20530	226460
4078	75	20800	234000
4079	75	21060	241730
4080	75	21330	249640
4081	75	21600	257740
4082	75	21860	266030
4083	75	22130	274520
4084	75	22400	283210
4085	75	22660	292090
4086	75	22930	301180
4087	75	23200	310480
4088	75	23460	319990
4089	75	23730	329710
4090	75	24000	339650
4091	75	24260	349810
4092	75	24530	360190
4093	75	24800	370800
4094	75	25060	381640
4095	75	25330	392710
4096	75	25600	404020
4097	75	25860	415560
4098	75	26130	427360
4099	75	26400	439390
4100	75	26660	469510
4101	75	26930	502100
4102	75	27200	504740
4103	75	27460	507550
4104	75	27730	510550
4105	75	28000	513740
4106	75	28260	517140
4107	75	28530	520760
4108	75	28800	524630
4109	75	29060	528730
4110	75	29330	533100
4111	75	29600	537740
4112	75	29860	542680
4113	75	30130	547910
4114	75	30400	553460
4115	75	30660	559330
4116	75	30930	565540
4117	75	31200	572100
4118	75	31460	579040
4119	75	31730	586340
4120	75	32000	594040
4121	75	32260	602150
4122	75	32530	610680
4123	75	32800	619630
4124	75	33060	629030
4125	75	33330	638880
4126	75	33600	649210
4127	75	33860	660010
4128	75	34130	671320
4129	75	34400	683130
4130	75	34660	695460
4131	75	34930	708330
4132	75	35200	721740
4133	75	35460	735720
4134	75	35730	750270
4135	75	36000	765410
4136	75	36260	781150
4137	75	36530	797500
4138	75	36800	814470
4139	75	37060	832090
4140	75	37330	850360
4141	75	37600	869290
4142	75	37860	888900
4143	75	38130	909200
4144	75	38400	930200
4145	75	38660	951920
4146	75	38930	974370
4147	75	39200	997570
4148	75	39460	1021520
4149	75	39730	1046240
4150	75	40000	1071740
5001	76	130	490
5002	76	260	600
5003	76	400	720
5004	76	530	850
5005	76	660	990
5006	76	800	1140
5007	76	930	1300
5008	76	1060	1460
5009	76	1200	1640
5010	76	1330	1830
5011	76	1460	2030
5012	76	1600	2240
5013	76	1730	2460
5014	76	1860	2700
5015	76	2000	2950
5016	76	2130	3210
5017	76	2260	3480
5018	76	2400	3770
5019	76	2530	4070
5020	76	2660	4380
5021	76	2800	4720
5022	76	2930	5060
5023	76	3060	5420
5024	76	3200	5800
5025	76	3330	6200
5026	76	3460	6610
5027	76	3600	7040
5028	76	3730	7490
5029	76	3860	7960
5030	76	4000	8450
5031	76	4130	8950
5032	76	4260	9480
5033	76	4400	10030
5034	76	4530	10590
5035	76	4660	11180
5036	76	4800	11800
5037	76	4930	12430
5038	76	5060	13090
5039	76	5200	13780
5040	76	5330	14480
5041	76	5460	15220
5042	76	5600	15970
5043	76	5730	16760
5044	76	5860	17570
5045	76	6000	18410
5046	76	6130	19280
5047	76	6260	20170
5048	76	6400	21100
5049	76	6530	22050
5050	76	6660	23030
5051	76	6800	24050
5052	76	6930	25100
5053	76	7060	26180
5054	76	7200	27290
5055	76	7330	28440
5056	76	7460	29620
5057	76	7600	30830
5058	76	7730	32090
5059	76	7860	33370
5060	76	8000	34700
5061	76	8130	36060
5062	76	8260	37460
5063	76	8400	38910
5064	76	8530	40390
5065	76	8660	41910
5066	76	8800	43470
5067	76	8930	45080
5068	76	9060	46720
5069	76	9200	48410
5070	76	9330	50150
5071	76	9460	51930
5072	76	9600	53760
5073	76	9730	55630
5074	76	9860	57550
5075	76	10000	59520
5076	76	10130	61540
5077	76	10260	63600
5078	76	10400	65720
5079	76	10530	67890
5080	76	10660	70120
5081	76	10800	72390
5082	76	10930	74720
5083	76	11060	77100
5084	76	11200	79540
5085	76	11330	82040
5086	76	11460	84590
5087	76	11600	87200
5088	76	11730	89880
5089	76	11860	92610
5090	76	12000	95400
5091	76	12130	98250
5092	76	12260	101170
5093	76	12400	104150
5094	76	12530	107190
5095	76	12660	110300
5096	76	12800	113480
5097	76	12930	116720
5098	76	13060	120030
5099	76	13200	123410
5100	76	13330	131870
5101	76	13460	141020
5102	76	13600	141770
5103	76	13730	142550
5104	76	13860	143400
5105	76	14000	144290
5106	76	14130	145250
5107	76	14260	146270
5108	76	14400	147350
5109	76	14530	148500
5110	76	14660	149730
5111	76	14800	151040
5112	76	14930	152420
5113	76	15060	153890
5114	76	15200	155450
5115	76	15330	157100
5116	76	15460	158840
5117	76	15600	160690
5118	76	15730	162630
5119	76	15860	164690
5120	76	16000	166850
5121	76	16130	169130
5122	76	16260	171520
5123	76	16400	174040
5124	76	16530	176670
5125	76	16660	179440
5126	76	16800	182340
5127	76	16930	185380
5128	76	17060	188550
5129	76	17200	191870
5130	76	17330	195330
5131	76	17460	198950
5132	76	17600	202720
5133	76	17730	206640
5134	76	17860	210730
5135	76	18000	214980
5136	76	18130	219400
5137	76	18260	223990
5138	76	18400	228760
5139	76	18530	233710
5140	76	18660	238840
5141	76	18800	244160
5142	76	18930	249660
5143	76	19060	255370
5144	76	19200	261270
5145	76	19330	267370
5146	76	19460	273670
5147	76	19600	280180
5148	76	19730	286910
5149	76	19860	293860
5150	76	20000	301020
6001	61	30	6120
6002	61	60	7550
6003	61	100	9080
6004	61	130	10700
6005	61	160	12470
6006	61	200	14320
6007	61	230	16290
6008	61	260	18400
6009	61	300	20640
6010	61	330	23010
6011	61	360	25540
6012	61	400	28190
6013	61	430	30980
6014	61	460	33920
6015	61	500	37040
6016	61	530	40320
6017	61	560	43760
6018	61	600	47350
6019	61	630	51150
6020	61	660	55130
6021	61	700	59300
6022	61	730	63640
6023	61	760	68200
6024	61	800	72960
6025	61	830	77930
6026	61	860	83140
6027	61	900	88550
6028	61	930	94180
6029	61	960	100060
6030	61	1000	106200
6031	61	1030	112550
6032	61	1060	119190
6033	61	1100	126060
6034	61	1130	133220
6035	61	1160	140640
6036	61	1200	148340
6037	61	1230	156340
6038	61	1260	164640
6039	61	1300	173230
6040	61	1330	182130
6041	61	1360	191350
6042	61	1400	200870
6043	61	1430	210740
6044	61	1460	220940
6045	61	1500	231480
6046	61	1530	242390
6047	61	1560	253640
6048	61	1600	265270
6049	61	1630	277270
6050	61	1660	289660
6051	61	1700	302420
6052	61	1730	315610
6053	61	1760	329180
6054	61	1800	343180
6055	61	1830	357600
6056	61	1860	372460
6057	61	1900	387740
6058	61	1930	403490
6059	61	1960	419680
6060	61	2000	436370
6061	61	2030	453490
6062	61	2060	471120
6063	61	2100	489230
6064	61	2130	507850
6065	61	2160	526980
6066	61	2200	546630
6067	61	2230	566830
6068	61	2260	587520
6069	61	2300	608790
6070	61	2330	630630
6071	61	2360	653010
6072	61	2400	675970
6073	61	2430	699530
6074	61	2460	723690
6075	61	2500	748440
6076	61	2530	773820
6077	61	2560	799820
6078	61	2600	826450
6079	61	2630	853760
6080	61	2660	881690
6081	61	2700	910300
6082	61	2730	939580
6083	61	2760	969570
6084	61	2800	1000250
6085	61	2830	1031620
6086	61	2860	1063740
6087	61	2900	1096590
6088	61	2930	1130170
6089	61	2960	1164500
6090	61	3000	1199620
6091	61	3030	1235490
6092	61	3060	1272160
6093	61	3100	1309620
6094	61	3130	1347910
6095	61	3160	1387010
6096	61	3200	1426960
6097	61	3230	1467730
6098	61	3260	1509380
6099	61	3300	1551880
6100	61	3330	1658240
6101	61	3360	1773370
6102	61	3400	1782690
6103	61	3430	1792610
6104	61	3460	1803200
6105	61	3500	1814470
6106	61	3530	1826470
6107	61	3560	1839280
6108	61	3600	1852920
6109	61	3630	1867420
6110	61	3660	1882850
6111	61	3700	1899250
6112	61	3730	1916670
6113	61	3760	1935150
6114	61	3800	1954750
6115	61	3830	1975490
6116	61	3860	1997440
6117	61	3900	2020600
6118	61	3930	2045100
6119	61	3960	2070890
6120	61	4000	2098100
6121	61	4030	2126730
6122	61	4060	2156850
6123	61	4100	2188470
6124	61	4130	2221660
6125	61	4160	2256460
6126	61	4200	2292930
6127	61	4230	2331090
6128	61	4260	2371020
6129	61	4300	2412750
6130	61	4330	2456290
6131	61	4360	2501740
6132	61	4400	2549120
6133	61	4430	2598500
6134	61	4460	2649880
6135	61	4500	2703350
6136	61	4530	2758950
6137	61	4560	2816680
6138	61	4600	2876630
6139	61	4630	2938840
6140	61	4660	3003370
6141	61	4700	3070240
6142	61	4730	3139480
6143	61	4760	3211190
6144	61	4800	3285380
6145	61	4830	3362090
6146	61	4860	3441370
6147	61	4900	3523290
6148	61	4930	3607890
6149	61	4960	3695190
6150	61	5000	3785260
7001	62	30	4080
7002	62	60	5030
7003	62	100	6060
7004	62	130	7130
7005	62	160	8310
7006	62	200	9540
7007	62	230	10860
7008	62	260	12270
7009	62	300	13760
7010	62	330	15340
7011	62	360	17020
7012	62	400	18790
7013	62	430	20650
7014	62	460	22610
7015	62	500	24690
7016	62	530	26880
7017	62	560	29170
7018	62	600	31560
7019	62	630	34090
7020	62	660	36750
7021	62	700	39520
7022	62	730	42420
7023	62	760	45460
7024	62	800	48630
7025	62	830	51950
7026	62	860	55420
7027	62	900	59020
7028	62	930	62770
7029	62	960	66690
7030	62	1000	70790
7031	62	1030	75020
7032	62	1060	79450
7033	62	1100	84030
7034	62	1130	88800
7035	62	1160	93740
7036	62	1200	98880
7037	62	1230	104200
7038	62	1260	109740
7039	62	1300	115460
7040	62	1330	121400
7041	62	1360	127540
7042	62	1400	133890
7043	62	1430	140470
7044	62	1460	147270
7045	62	1500	154290
7046	62	1530	161560
7047	62	1560	169060
7048	62	1600	176810
7049	62	1630	184810
7050	62	1660	193070
7051	62	1700	201570
7052	62	1730	210370
7053	62	1760	219410
7054	62	1800	228740
7055	62	1830	238350
7056	62	1860	248260
7057	62	1900	258450
7058	62	1930	268940
7059	62	1960	279730
7060	62	2000	290860
7061	62	2030	302270
7062	62	2060	314020
7063	62	2100	326090
7064	62	2130	338500
7065	62	2160	351250
7066	62	2200	364350
7067	62	2230	377810
7068	62	2260	391610
7069	62	2300	405780
7070	62	2330	420340
7071	62	2360	435260
7072	62	2400	450560
7073	62	2430	466260
7074	62	2460	482360
7075	62	2500	498860
7076	62	2530	515780
7077	62	2560	533110
7078	62	2600	550860
7079	62	2630	569060
7080	62	2660	587680
7081	62	2700	606750
7082	62	2730	626270
7083	62	2760	646250
7084	62	2800	666710
7085	62	2830	687620
7086	62	2860	709030
7087	62	2900	730920
7088	62	2930	753300
7089	62	2960	776190
7090	62	3000	799590
7091	62	3030	823500
7092	62	3060	847950
7093	62	3100	872910
7094	62	3130	898440
7095	62	3160	924490
7096	62	3200	951130
7097	62	3230	978300
7098	62	3260	1006060
7099	62	3300	1034390
7100	62	3330	1105280
7101	62	3360	1182020
7102	62	3400	1188230
7103	62	3430	1194840
7104	62	3460	1201900
7105	62	3500	1209420
7106	62	3530	1217410
7107	62	3560	1225950
7108	62	3600	1235040
7109	62	3630	1244710
7110	62	3660	1254990
7111	62	3700	1265930
7112	62	3730	1277530
7113	62	3760	1289850
7114	62	3800	1302920
7115	62	3830	1316740
7116	62	3860	1331370
7117	62	3900	1346810
7118	62	3930	1363140
7119	62	3960	1380330
7120	62	4000	1398460
7121	62	4030	1417550
7122	62	4060	1437620
7123	62	4100	1458700
7124	62	4130	1480820
7125	62	4160	1504020
7126	62	4200	1528330
7127	62	4230	1553760
7128	62	4260	1580380
7129	62	4300	1608190
7130	62	4330	1637220
7131	62	4360	1667510
7132	62	4400	1699090
7133	62	4430	1732000
7134	62	4460	1766250
7135	62	4500	1801880
7136	62	4530	1838940
7137	62	4560	1877430
7138	62	4600	1917380
7139	62	4630	1958850
7140	62	4660	2001860
7141	62	4700	2046430
7142	62	4730	2092580
7143	62	4760	2140380
7144	62	4800	2189830
7145	62	4830	2240960
7146	62	4860	2293810
7147	62	4900	2348410
7148	62	4930	2404800
7149	62	4960	2462990
7150	62	5000	2523020
