int	int	int	int	int	int	int	int	int	int	int	int	int	int	int	int	int	int	int	int
LV	Hit	Miss	DamagePer	DamReduce	IgnoreDefRate	DamChanceDef	BleedDamage	FaintRate	SuperHitReduce	LuckyHitRateReduce	SkillAtkRate	SkillAtkRateReduce	DamagePerPVP	DamagePerPVPReduce	DamBackPer	IgnoreDefRateReduce	FaintDefRate	AtkSpeedParameter	LuckyHitParameter
等级	命中	闪避	增加伤害	减少伤害	无视防御	抵御	流血伤害	击晕	暴击抗性	会心一击抗性	技能伤害	技能减伤	PVP伤害增加	PVP伤害减少	伤害反射	无视防御抗性	控制抵抗	攻速	会心一击
1	220	220	1770	516	1020	103	74	148	1448	1	893	893	1770	516	211	1020	1	2360	708
2	240	240	1800	575	1040	115	75	150	1448	1	906	906	1800	575	235	1040	1	2400	720
3	260	260	1845	653	1080	131	77	154	1448	1	920	920	1845	653	267	1080	1	2460	738
4	280	280	1920	718	1100	144	80	160	1448	1	973	973	1920	718	293	1100	1	2560	768
5	300	300	1980	784	1140	157	83	165	1448	1	1000	1000	1980	784	320	1140	1	2640	792
6	320	320	2085	850	1140	170	87	174	1448	1	1093	1093	2085	850	347	1140	1	2780	834
7	340	340	2160	939	1220	188	90	180	1448	1	1106	1106	2160	939	384	1220	1	2880	864
8	360	360	2280	1010	1280	202	95	190	1448	1	1173	1173	2280	1010	413	1280	1	3040	912
9	380	380	2385	1079	1300	216	99	199	1448	1	1253	1253	2385	1079	441	1300	1	3180	954
10	400	400	2505	1147	1320	229	104	209	1448	1	1346	1346	2505	1147	469	1320	1	3340	1002
11	420	420	2565	1229	1400	246	107	214	1448	1	1346	1346	2565	1229	502	1400	1	3420	1026
12	440	440	2655	1299	1420	260	111	221	1448	1	1413	1413	2655	1299	531	1420	1	3540	1062
13	460	460	2730	1370	1460	274	114	228	1448	1	1453	1453	2730	1370	560	1460	1	3640	1092
14	480	480	2790	1442	1500	288	116	233	1448	1	1480	1480	2790	1442	589	1500	1	3720	1116
15	500	500	3375	1572	1680	314	141	281	1448	1	1880	1880	3375	1572	643	1680	1	4500	1350
16	520	520	3435	1631	1700	326	143	286	1448	1	1920	1920	3435	1631	667	1700	1	4580	1374
17	540	540	3495	1693	1700	339	146	291	1448	1	1973	1973	3495	1693	692	1700	1	4660	1398
18	560	560	3675	1939	1740	388	153	306	1448	1	2106	2106	3675	1939	793	1740	1	4900	1470
19	580	580	3765	2096	1780	419	157	314	1448	1	2160	2160	3765	2096	857	1780	1	5020	1506
20	600	600	3900	2243	1800	449	163	325	1448	1	2266	2266	3900	2243	917	1800	1	5200	1560
21	620	620	4005	2396	1800	479	167	334	1448	1	2360	2360	4005	2396	980	1800	1	5340	1602
22	640	640	4125	2607	2000	521	172	344	1448	1	2333	2333	4125	2607	1066	2000	1	5500	1650
23	660	660	4335	2759	2020	552	181	361	1448	1	2506	2506	4335	2759	1128	2020	1	5780	1734
24	680	680	4545	2923	2100	585	189	379	1448	1	2640	2640	4545	2923	1195	2100	1	6060	1818
25	700	700	4710	3090	2140	618	196	393	1448	1	2760	2760	4710	3090	1264	2140	1	6280	1884
26	720	720	4890	3276	2260	655	204	408	1448	1	2840	2840	4890	3276	1340	2260	1	6520	1956
27	740	740	4980	3365	2340	673	208	415	1448	1	2866	2866	4980	3365	1376	2340	1	6640	1992
28	760	760	5055	3453	2420	691	211	421	1448	1	2880	2880	5055	3453	1412	2420	1	6740	2022
29	780	780	5100	3555	2520	711	213	425	1448	1	2853	2853	5100	3555	1454	2520	1	6800	2040
30	800	800	5250	3813	2760	763	219	438	1448	1	2826	2826	5250	3813	1559	2760	1	7000	2100
31	820	820	5955	3964	2960	793	248	496	1448	1	3320	3320	5955	3964	1621	2960	1	7940	2382
32	840	840	6015	4142	3200	828	251	501	1448	1	3213	3213	6015	4142	1694	3200	2	8020	2406
33	860	860	6075	4228	3260	846	253	506	1448	1	3226	3226	6075	4228	1729	3260	3	8100	2430
34	880	880	6135	4313	3300	863	256	511	1448	1	3253	3253	6135	4313	1764	3300	4	8180	2454
35	900	900	6180	4398	3340	880	258	515	1448	1	3266	3266	6180	4398	1799	3340	5	8240	2472
36	920	920	6240	4486	3400	897	260	520	1448	1	3280	3280	6240	4486	1835	3400	6	8320	2496
37	940	940	6300	4586	3460	917	263	525	1448	1	3293	3293	6300	4586	1876	3460	7	8400	2520
38	960	960	6390	4696	3580	939	266	533	1448	1	3293	3293	6390	4696	1921	3580	8	8520	2556
39	980	980	6435	4829	3720	966	268	536	1448	1	3240	3240	6435	4829	1975	3720	9	8580	2574
40	1000	1000	6630	4952	3880	990	276	553	1448	1	3306	3306	6630	4952	2025	3880	10	8840	2652
41	1020	1020	6705	5079	4000	1016	279	559	1448	1	3293	3293	6705	5079	2077	4000	11	8940	2682
42	1040	1040	6780	5180	4080	1036	283	565	1448	1	3306	3306	6780	5180	2119	4080	12	9040	2712
43	1060	1060	6810	5254	4100	1051	284	568	1448	1	3320	3320	6810	5254	2149	4100	13	9080	2724
44	1080	1080	6885	5348	4160	1070	287	574	1448	1	3346	3346	6885	5348	2187	4160	14	9180	2754
45	1100	1100	6945	5458	4260	1092	289	579	1448	1	3333	3333	6945	5458	2232	4260	15	9260	2778
46	1120	1120	7020	5553	4320	1111	293	585	1448	1	3360	3360	7020	5553	2271	4320	16	9360	2808
47	1140	1140	7080	5650	4380	1130	295	590	1448	1	3373	3373	7080	5650	2311	4380	17	9440	2832
48	1160	1160	7140	5749	4440	1150	298	595	1448	1	3386	3386	7140	5749	2351	4440	18	9520	2856
49	1180	1180	7275	5860	4540	1172	303	606	1448	1	3440	3440	7275	5860	2397	4540	19	9700	2910
50	1200	1200	7425	5948	4560	1190	309	619	1448	1	3560	3560	7425	5948	2433	4560	20	9900	2970
51	1220	1220	7545	6030	4600	1206	314	629	1448	1	3640	3640	7545	6030	2466	4600	21	10060	3018
52	1240	1240	7665	6105	4600	1221	319	639	1448	1	3746	3746	7665	6105	2497	4600	22	10220	3066
53	1260	1260	7815	6201	4660	1240	326	651	1448	1	3840	3840	7815	6201	2536	4660	23	10420	3126
54	1280	1280	7965	6292	4700	1258	332	664	1448	1	3946	3946	7965	6292	2574	4700	24	10620	3186
55	1300	1300	8055	6618	5260	1324	336	671	1448	1	3653	3653	8055	6618	2707	5260	25	10740	3222
56	1320	1320	8102	6714	5323	1343	338	675	1453	1	3652	3652	8102	6714	2746	5323	26	10802	3240
57	1340	1340	8163	6812	5366	1362	340	680	1459	3	3679	3679	8163	6812	2786	5366	27	10885	3265
58	1360	1360	8270	6910	5429	1382	345	689	1465	4	3732	3732	8270	6910	2826	5429	28	11027	3308
59	1380	1380	8317	7023	5492	1405	347	693	1471	6	3731	3731	8317	7023	2873	5492	29	11089	3326
60	1400	1400	8379	7135	5595	1427	349	698	1476	7	3718	3718	8379	7135	2918	5595	29	11172	3351
61	1420	1420	8546	7346	5678	1469	356	712	1482	9	3810	3810	8546	7346	3005	5678	29	11394	3418
62	1440	1440	8773	7564	5801	1513	366	731	1488	11	3930	3930	8773	7564	3094	5801	29	11697	3509
63	1460	1460	8940	7786	5905	1557	373	745	1494	13	4010	4010	8940	7786	3185	5905	29	11920	3576
64	1480	1480	9167	8006	6029	1601	382	764	1499	15	4129	4129	9167	8006	3275	6029	29	12223	3666
65	1500	1500	9415	8236	6152	1647	392	785	1505	17	4267	4267	9415	8236	3369	6152	29	12554	3766
66	1520	1520	9605	8464	6296	1693	400	800	1511	19	4339	4339	9605	8464	3462	6296	29	12806	3841
67	1540	1540	9796	8700	6421	1740	408	816	1517	21	4426	4426	9796	8700	3559	6421	29	13061	3918
68	1560	1560	9974	8940	6585	1788	416	831	1522	23	4475	4475	9974	8940	3657	6585	29	13298	3989
69	1580	1580	10396	9395	6810	1879	433	866	1528	26	4700	4700	10396	9395	3843	6810	29	13861	4158
70	1600	1600	10654	9656	6955	1931	444	888	1534	28	4833	4833	10654	9656	3950	6955	29	14206	4261
71	1620	1620	10960	9935	7160	1987	457	913	1540	31	4969	4969	10960	9935	4064	7160	29	14614	4384
72	1640	1640	11299	10246	7386	2049	471	942	1545	34	5119	5119	11299	10246	4191	7386	29	15066	4519
73	1660	1660	11717	10534	7592	2107	488	976	1551	37	5353	5353	11717	10534	4309	7592	29	15623	4686
74	1680	1680	12323	11074	7899	2215	513	1027	1557	41	5688	5688	12323	11074	4530	7899	29	16431	4929
75	1700	1700	12732	11407	8145	2281	530	1061	1563	45	5886	5886	12732	11407	4666	8145	29	16976	5092
76	1720	1720	13352	12058	8392	2412	556	1113	1568	50	6273	6273	13352	12058	4932	8392	29	17803	5340
77	1740	1740	13597	12320	8478	2464	567	1133	1574	53	6434	6434	13597	12320	5040	8478	29	18129	5438
78	1760	1760	13828	12584	8563	2517	576	1152	1580	56	6582	6582	13828	12584	5147	8563	29	18437	5531
79	1780	1780	14119	12902	8649	2580	588	1177	1586	60	6784	6784	14119	12902	5278	8649	29	18826	5647
80	1800	1800	14785	13559	8957	2712	616	1232	1591	65	7171	7171	14785	13559	5546	8957	29	19714	5914
81	1820	1820	14879	13654	8987	2731	620	1240	1597	68	7234	7234	14879	13654	5585	8987	29	19839	5951
82	1840	1840	14944	13749	9012	2750	623	1245	1603	71	7275	7275	14944	13749	5624	9012	29	19925	5977
83	1860	1860	15025	13844	9047	2769	626	1252	1609	74	7323	7323	15025	13844	5663	9047	29	20033	6009
84	1880	1880	15140	13964	9154	2793	631	1262	1614	78	7355	7355	15140	13964	5712	9154	29	20187	6056
85	1900	1900	15258	14122	9163	2824	636	1272	1620	81	7453	7453	15258	14122	5777	9163	29	20344	6103
86	1920	1920	15328	14287	9209	2857	639	1277	1626	84	7485	7485	15328	14287	5844	9209	29	20437	6131
87	1940	1940	15489	14525	9254	2905	645	1291	1632	88	7598	7598	15489	14525	5942	9254	29	20652	6195
88	1960	1960	15621	14735	9325	2947	651	1302	1637	91	7668	7668	15621	14735	6027	9325	29	20829	6248
89	1980	1980	15724	14929	9371	2986	655	1310	1643	94	7730	7730	15724	14929	6107	9371	29	20966	6289
90	2000	2000	16161	15509	9564	3102	673	1347	1649	100	7989	7989	16161	15509	6344	9564	29	21548	6464
91	2020	2020	16720	16254	9793	3251	697	1393	1655	106	8333	8333	16720	16254	6649	9793	29	22293	6687
92	2040	2040	16860	16535	9926	3307	703	1405	1660	110	8369	8369	16860	16535	6764	9926	29	22480	6744
93	2060	2060	16969	16809	10013	3362	707	1414	1666	114	8408	8408	16969	16809	6876	10013	29	22626	6787
94	2080	2080	17154	17168	10084	3434	715	1429	1672	118	8525	8525	17154	17168	7023	10084	29	22872	6861
95	2100	2100	17461	17661	10171	3532	728	1455	1678	123	8739	8739	17461	17661	7225	10171	29	23281	6984
96	2120	2120	17716	18025	10304	3605	738	1476	1683	128	8877	8877	17716	18025	7373	10304	29	23621	7086
97	2140	2140	17941	18375	10391	3675	748	1495	1689	133	9020	9020	17941	18375	7516	10391	29	23922	7176
98	2160	2160	18143	18727	10484	3745	756	1512	1695	138	9137	9137	18143	18727	7660	10484	29	24190	7257
99	2180	2180	18367	19077	10571	3815	765	1531	1701	143	9278	9278	18367	19077	7804	10571	29	24489	7346
100	2200	2200	18690	19532	10720	3906	779	1558	1706	149	9466	9466	18690	19532	7990	10720	29	24920	7476
101	2220	2220	19236	20200	10824	4040	802	1603	1712	156	9883	9883	19236	20200	8263	10824	29	25649	7694
102	2240	2240	19830	20901	10979	4180	826	1652	1718	165	10307	10307	19830	20901	8550	10979	29	26440	7931
103	2260	2260	20227	21323	11098	4265	843	1686	1724	172	10581	10581	20227	21323	8723	11098	29	26970	8090
104	2280	2280	20915	22100	11274	4420	871	1743	1730	181	11075	11075	20915	22100	9041	11274	29	27887	8366
105	2300	2300	21514	22816	11414	4563	896	1793	1735	190	11514	11514	21514	22816	9333	11414	29	28686	8605
106	2320	2320	22437	23987	11529	4797	935	1870	1741	202	12258	12258	22437	23987	9812	11529	29	29916	8974
107	2340	2340	23161	24818	11690	4964	965	1930	1747	213	12793	12793	23161	24818	10152	11690	29	30881	9264
108	2360	2360	23856	25599	11887	5120	994	1988	1753	223	13280	13280	23856	25599	10472	11887	29	31808	9542
109	2380	2380	24707	26487	12172	5297	1029	2059	1758	236	13846	13846	24707	26487	10835	12172	29	32942	9882
110	2400	2400	25376	27268	12349	5454	1057	2115	1764	247	14323	14323	25376	27268	11155	12349	29	33835	10150
111	2420	2420	25653	27701	12470	5540	1069	2138	1770	254	14489	14489	25653	27701	11332	12470	29	34204	10261
112	2440	2440	26781	29238	12668	5848	1116	2232	1776	270	15359	15359	26781	29238	11961	12668	29	35708	10712
113	2460	2460	27152	29767	12768	5953	1131	2263	1781	278	15622	15622	27152	29767	12177	12768	29	36202	10860
114	2480	2480	27581	30422	12946	6084	1149	2298	1787	287	15886	15886	27581	30422	12445	12946	29	36775	11032
115	2500	2500	27796	30736	13088	6147	1158	2316	1793	295	15982	15982	27796	30736	12573	13088	29	37061	11118
116	2520	2520	28027	31052	13224	6210	1168	2336	1799	302	16097	16097	28027	31052	12703	13224	29	37370	11210
117	2540	2540	28504	31729	13413	6346	1188	2375	1804	312	16394	16394	28504	31729	12980	13413	29	38005	11401
118	2560	2560	29331	32879	13571	6576	1222	2444	1810	326	17025	17025	29331	32879	13450	13571	29	39109	11732
119	2580	2580	29953	33628	13858	6726	1248	2496	1816	339	17386	17386	29953	33628	13757	13858	29	39938	11981
120	2600	2600	30454	34344	14099	6869	1269	2538	1822	350	17671	17671	30454	34344	14049	14099	29	40605	12181
121	2620	2620	30801	34671	14215	6934	1283	2567	1827	359	17901	17901	30801	34671	14183	14215	29	41068	12320
122	2640	2640	31199	35029	14374	7006	1300	2600	1833	369	18150	18150	31199	35029	14329	14374	29	41599	12479
123	2660	2660	32421	36459	14595	7292	1351	2702	1839	389	19088	19088	32421	36459	14915	14595	29	43228	12968
124	2680	2680	32938	36916	14795	7383	1372	2745	1845	402	19414	19414	32938	36916	15102	14795	29	43917	13175
125	2700	2700	33259	37171	14954	7434	1386	2772	1850	411	19594	19594	33259	37171	15206	14954	29	44345	13303
126	2720	2720	33724	37546	15113	7509	1405	2810	1856	423	19901	19901	33724	37546	15359	15113	29	44965	13489
127	2740	2740	34395	38226	15339	7645	1433	2866	1862	438	20347	20347	34395	38226	15638	15339	29	45860	13758
128	2760	2760	34781	38515	15540	7703	1449	2898	1868	449	20556	20556	34781	38515	15756	15540	29	46375	13912
129	2780	2780	35682	39551	15721	7910	1487	2974	1873	466	21236	21236	35682	39551	16179	15721	29	47576	14272
130	2800	2800	36192	40375	15881	8075	1508	3016	1879	480	21583	21583	36192	40375	16517	15881	29	48256	14476
131	2820	2820	36710	41337	16124	8267	1530	3059	1885	493	21882	21882	36710	41337	16910	16124	29	48947	14684
132	2840	2840	36859	41907	16305	8381	1536	3072	1891	501	21894	21894	36859	41907	17143	16305	29	49146	14743
133	2860	2860	37060	42532	16429	8506	1544	3088	1896	511	21989	21989	37060	42532	17399	16429	29	49413	14823
134	2880	2880	37339	43395	16631	8679	1556	3112	1902	521	22103	22103	37339	43395	17752	16631	29	49785	14935
135	2900	2900	38341	45079	16942	9016	1598	3195	1908	542	22786	22786	38341	45079	18441	16942	29	51122	15336
136	2920	2920	37516	44132	17082	8826	1563	3126	1914	537	21959	21959	37516	44132	18054	17082	29	50021	15006
137	2940	2940	37770	44907	17264	8981	1574	3148	1919	547	22064	22064	37770	44907	18370	17264	29	50360	15108
138	2960	2960	39661	48146	17467	9629	1653	3305	1925	582	23609	23609	39661	48146	19696	17467	29	52881	15864
139	2980	2980	40608	49672	17858	9934	1692	3384	1931	603	24190	24190	40608	49672	20320	17858	29	54144	16243
140	3000	3000	41442	51212	18139	10242	1727	3453	1937	622	24744	24744	41442	51212	20950	18139	29	55256	16576
141	3020	3020	42593	53122	18237	10624	1775	3549	1942	647	25702	25702	42593	53122	21731	18237	29	56791	17037
142	3040	3040	43093	54166	18351	10833	1796	3591	1948	662	26070	26070	43093	54166	22158	18351	29	57457	17237
143	3060	3060	43650	55243	18527	11049	1819	3637	1954	679	26448	26448	43650	55243	22599	18527	29	58200	17459
144	3080	3080	44135	56292	18621	11258	1839	3678	1960	694	26817	26817	44135	56292	23028	18621	29	58847	17653
145	3100	3100	44636	57432	18735	11486	1860	3720	1965	710	27186	27186	44636	57432	23494	18735	29	59514	17854
146	3120	3120	46271	59753	18912	11951	1928	3856	1971	744	28521	28521	46271	59753	24444	18912	29	61694	18508
147	3140	3140	46625	60174	19068	12035	1943	3885	1977	758	28732	28732	46625	60174	24616	19068	29	62167	18649
148	3160	3160	46892	60561	19183	12112	1954	3908	1983	770	28893	28893	46892	60561	24775	19183	29	62522	18756
149	3180	3180	47182	60942	19282	12188	1966	3932	1988	784	29085	29085	47182	60942	24930	19282	29	62910	18872
150	3200	3200	47443	61327	19381	12265	1977	3954	1994	796	29251	29251	47443	61327	25088	19381	29	63257	18977
151	3220	3220	47784	62313	19579	12463	1991	3982	2000	810	29421	29421	47784	62313	25491	19579	29	63712	19113
152	3240	3240	49071	64627	19863	12925	2045	4089	2006	841	30376	30376	49071	64627	26438	19863	29	65428	19628
153	3260	3260	49379	65617	20004	13123	2057	4115	2011	855	30556	30556	49379	65617	26843	20004	29	65839	19751
154	3280	3280	49871	66931	20204	13386	2078	4156	2017	872	30861	30861	49871	66931	27380	20204	29	66495	19948
155	3300	3300	50259	68387	20445	13677	2094	4188	2023	888	31044	31044	50259	68387	27976	20445	29	67012	20103
156	3320	3320	50709	69615	20629	13923	2113	4226	2029	905	31321	31321	50709	69615	28478	20629	29	67612	20283
157	3340	3340	51211	70876	20793	14175	2134	4268	2034	923	31659	31659	51211	70876	28994	20793	29	68281	20484
158	3360	3360	52361	73028	21035	14606	2182	4363	2040	953	32520	32520	52361	73028	29875	21035	29	69815	20944
159	3380	3380	53298	74792	21346	14958	2221	4441	2046	979	33145	33145	53298	74792	30596	21346	29	71064	21319
160	3400	3400	53763	76069	21589	15214	2240	4480	2052	997	33396	33396	53763	76069	31119	21589	29	71684	21505
161	3420	3420	54375	77346	21769	15469	2266	4531	2057	1018	33820	33820	54375	77346	31641	21769	29	72499	21749
162	3440	3440	55044	78684	22018	15737	2293	4587	2063	1041	34249	34249	55044	78684	32189	22018	29	73391	22017
163	3460	3460	56381	80893	22330	16179	2349	4698	2069	1076	35229	35229	56381	80893	33092	22330	29	75175	22552
164	3480	3480	57001	82650	22553	16530	2375	4750	2075	1098	35632	35632	57001	82650	33811	22553	29	76002	22800
165	3500	3500	57888	84221	22802	16844	2412	4824	2081	1125	36254	36254	57888	84221	34453	22802	29	77184	23155
166	3520	3520	58847	85985	23089	17197	2452	4904	2086	1154	36916	36916	58847	85985	35175	23089	29	78463	23538
167	3540	3540	59593	87452	23418	17490	2483	4966	2092	1179	37359	37359	59593	87452	35775	23418	29	79457	23837
168	3560	3560	60365	88897	23689	17779	2515	5030	2098	1205	37865	37865	60365	88897	36366	23689	29	80487	24146
169	3580	3580	60045	88610	23934	17722	2502	5004	2104	1209	37416	37416	60045	88610	36249	23934	29	80059	24017
170	3600	3600	61309	90626	24180	18125	2555	5109	2109	1246	38377	38377	61309	90626	37074	24180	29	81746	24523
171	3620	3620	64551	95294	24436	19059	2690	5379	2115	1323	41088	41088	64551	95294	38983	24436	29	86068	25820
172	3640	3640	65916	97107	24745	19421	2747	5493	2121	1362	42095	42095	65916	97107	39725	24745	29	87889	26366
173	3660	3660	67133	98775	24991	19755	2797	5594	2127	1399	43012	43012	67133	98775	40408	24991	29	89510	26853
174	3680	3680	69310	101708	25264	20342	2888	5776	2132	1457	44766	44766	69310	101708	41607	25264	29	92414	27724
175	3700	3700	70458	103502	25617	20700	2936	5871	2138	1494	45550	45550	70458	103502	42341	25617	29	93943	28183
176	3720	3720	71672	105023	25864	21005	2986	5973	2144	1532	46465	46465	71672	105023	42963	25864	29	95562	28668
177	3740	3740	72733	106441	26058	21288	3031	6061	4340	1568	47279	47279	72733	106441	43544	26058	29	96977	29093
178	3760	3760	74046	108206	26284	21641	3085	6170	6540	1609	48295	48295	74046	108206	44265	26284	29	98727	29618
179	3780	3780	75420	109822	26638	21964	3142	6285	8818	1652	49281	49281	75420	109822	44927	26638	29	100560	30167
180	3800	3800	77118	116280	26907	23256	3213	6427	11147	1703	50611	50611	77118	116280	47568	26907	29	102825	30847
181	3820	3820	78729	121852	27304	24370	3280	6561	13522	1752	51778	51778	78729	121852	49848	27304	29	104972	31491
182	3840	3840	79961	126815	27574	25363	3332	6663	15841	1794	52693	52693	79961	126815	51878	27574	29	106614	31984
183	3860	3860	81687	132420	28015	26484	3404	6807	18300	1847	53934	53934	81687	132420	54171	28015	29	108916	32674
184	3880	3880	82921	137844	28285	27569	3455	6910	20808	1890	54850	54850	82921	137844	56390	28285	29	110561	33168
185	3900	3900	84090	143603	28555	28721	3504	7007	23215	1931	55709	55709	84090	143603	58746	28555	29	112119	33635
186	3920	3920	84931	148773	28826	29755	3539	7078	25809	1966	56276	56276	84931	148773	60861	28826	29	113242	33972
187	3940	3940	85908	154599	29226	30920	3579	7159	28449	2003	56878	56878	85908	154599	63244	29226	29	114543	34363
188	3960	3960	86393	159523	29454	31905	3600	7199	30939	2030	57157	57157	86393	159523	65259	29454	29	115191	34557
189	3980	3980	87596	164964	29961	32993	3650	7300	33666	2074	57888	57888	87596	164964	67485	29961	29	116795	35038
190	4000	4000	88661	170557	30175	34111	3694	7388	36530	2115	58692	58692	88661	170557	69773	30175	29	118214	35464
191	4020	4020	89184	175960	30497	35192	3716	7432	36701	2143	58943	58943	89184	175960	71983	30497	29	118912	35673
192	4040	4040	89721	181272	30797	36254	3738	7477	37073	2172	59220	59220	89721	181272	74156	30797	29	119628	35888
193	4060	4060	90043	186066	31012	37213	3752	7504	37217	2195	59363	59363	90043	186066	76117	31012	29	120057	36017
194	4080	4080	90586	191752	31227	38350	3774	7549	37618	2224	59703	59703	90586	191752	78444	31227	29	120782	36234
195	4100	4100	91781	197893	31635	39579	3824	7648	37992	2270	60492	60492	91781	197893	80956	31635	29	122375	36712
196	4120	4120	92258	203001	31808	40600	3844	7688	38138	2298	60802	60802	92258	203001	83045	31808	29	123011	36903
197	4140	4140	93347	209265	32239	41853	3889	7779	38542	2342	61482	61482	93347	209265	85608	32239	29	124462	37338
198	4160	4160	93929	214594	32455	42919	3914	7827	38917	2373	61855	61855	93929	214594	87788	32455	29	125238	37571
199	4180	4180	95265	220769	32843	44154	3969	7939	39066	2424	62784	62784	95265	220769	90314	32843	29	127019	38105
200	4200	4200	95788	223038	33102	44608	3991	7982	39475	2454	63076	63076	95788	223038	91242	33102	29	127717	38315
201	4220	4220	96505	225134	33349	45027	4021	8042	39625	2489	63549	63549	96505	225134	92100	33349	29	128674	38602
202	4240	4240	97235	227335	33488	45467	4051	8103	39805	2525	64105	64105	97235	227335	93000	33488	29	129647	38894
203	4260	4260	98323	230269	33908	46054	4097	8194	40185	2571	64792	64792	98323	230269	94200	33908	29	131097	39329
204	4280	4280	99055	232388	34156	46478	4127	8255	40337	2607	65278	65278	99055	232388	95067	34156	29	132074	39622
205	4300	4300	99754	234325	34295	46865	4156	8313	40519	2643	65806	65806	99754	234325	95860	34295	29	133005	39901
206	4320	4320	100275	236752	34435	47350	4178	8356	40899	2675	66176	66176	100275	236752	96853	34435	29	133700	40109
207	4340	4340	101625	239462	34835	47892	4234	8469	41053	2729	67109	67109	101625	239462	97961	34835	29	135500	40649
208	4360	4360	102163	241411	34997	48282	4257	8514	41237	2761	67480	67480	102163	241411	98759	34997	29	136217	40865
209	4380	4380	103342	244409	35310	48882	4306	8612	41622	2812	68319	68319	103342	244409	99985	35310	29	137790	41336
210	4400	4400	104031	246316	35559	49263	4335	8669	41808	2849	68766	68766	104031	246316	100765	35559	29	138708	41612
211	4420	4420	104666	248844	35873	49769	4361	8722	41963	2885	69121	69121	104666	248844	101799	35873	29	139555	41866
212	4440	4440	105034	250550	36101	50110	4376	8753	42352	2913	69296	69296	105034	250550	102497	36101	29	140045	42013
213	4460	4460	105600	252455	36437	50491	4400	8800	42540	2948	69575	69575	105600	252455	103277	36437	29	140800	42239
214	4480	4480	106058	254621	36622	50924	4419	8838	42697	2979	69859	69859	106058	254621	104162	36622	29	141411	42423
215	4500	4500	106861	256433	37175	51287	4453	8905	43118	3021	70204	70204	106861	256433	104904	37175	29	142481	42744
216	4520	4520	108138	259455	37512	51891	4506	9011	43276	3076	71114	71114	108138	259455	106140	37512	29	144184	43255
217	4540	4540	108508	260996	37763	52199	4521	9042	43435	3105	71276	71276	108508	260996	106771	37763	29	144677	43403
218	4560	4560	109181	262687	38057	52537	4549	9098	43860	3144	71678	71678	109181	262687	107462	38057	29	145575	43672
219	4580	4580	110143	265298	38678	53060	4589	9179	44021	3191	72119	72119	110143	265298	108530	38678	29	146857	44057
220	4600	4600	110678	266852	38908	53370	4612	9223	44445	3226	72441	72441	110678	266852	109166	38908	29	147570	44271
221	4620	4620	112650	270838	39486	54168	4694	9387	44607	3304	73809	73809	112650	270838	110797	39486	29	150200	45059
222	4640	4640	113641	272802	39803	54560	4735	9470	44769	3353	74478	74478	113641	272802	111600	39803	29	151521	45456
223	4660	4660	114633	275268	40208	55054	4776	9553	45198	3402	75090	75090	114633	275268	112609	40208	29	152844	45853
224	4680	4680	116156	277969	40810	55594	4840	9680	45361	3468	76043	76043	116156	277969	113714	40810	29	154875	46462
225	4700	4700	117309	279865	41194	55973	4888	9776	45794	3523	76812	76812	117309	279865	114490	41194	29	156412	46923
226	4720	4720	118297	282439	41600	56488	4929	9858	45959	3574	77419	77419	118297	282439	115543	41600	29	157729	47318
227	4740	4740	119355	284368	42028	56874	4973	9946	46124	3627	78074	78074	119355	284368	116332	42028	29	159140	47742
228	4760	4760	120177	286742	42369	57348	5007	10015	46562	3673	78577	78577	120177	286742	117303	42369	29	160236	48070
229	4780	4780	122185	290055	43060	58011	5091	10182	46728	3756	79901	79901	122185	290055	118658	43060	29	162913	48873
230	4800	4800	123544	293225	43381	58645	5148	10295	47165	3820	80896	80896	123544	293225	119955	43381	29	164725	49417
231	4820	4820	124382	295081	43789	59016	5183	10365	47333	3867	81369	81369	124382	295081	120715	43789	29	165843	49752
232	4840	4840	125164	297620	44197	59524	5215	10430	47740	3914	81791	81791	125164	297620	121753	44197	29	166885	50065
233	4860	4860	126532	300047	44781	60009	5272	10544	47942	3979	82618	82618	126532	300047	122746	44781	29	168709	50612
234	4880	4880	127720	303007	45081	60601	5322	10643	48353	4039	83474	83474	127720	303007	123957	45081	29	170293	51087
235	4900	4900	128727	305350	45512	61070	5364	10727	48524	4094	84082	84082	128727	305350	124915	45512	29	171636	51490
236	4920	4920	129961	308394	45944	61679	5415	10830	48728	4156	84891	84891	129961	308394	126161	45944	29	173281	51984
237	4940	4940	131500	311290	46573	62258	5479	10958	49138	4228	85839	85839	131500	311290	127345	46573	29	175333	52599
238	4960	4960	132591	313617	46896	62723	5525	11049	49345	4287	86594	86594	132591	313617	128298	46896	29	176789	53036
239	4980	4980	133794	316838	47417	63368	5575	11150	49758	4349	87316	87316	133794	316838	129615	47417	29	178392	53517
240	5000	5000	135527	319752	47850	63950	5647	11294	49932	4429	88568	88568	135527	319752	130807	47850	29	180702	54210
241	5020	5020	137963	323961	48766	64792	5748	11497	50383	4533	90123	90123	137963	323961	132529	48766	29	183950	55185
242	5040	5040	139940	327237	49507	65447	5831	11662	50558	4623	91386	91386	139940	327237	133869	49507	29	186586	55975
243	5060	5060	142328	331463	50248	66293	5930	11861	51008	4727	93015	93015	142328	331463	135598	50248	29	189771	56931
244	5080	5080	144100	334550	50859	66910	6004	12008	51185	4811	94183	94183	144100	334550	136861	50859	29	192133	57639
245	5100	5100	146880	339026	51932	67805	6120	12240	51608	4930	95938	95938	146880	339026	138692	51932	29	195840	58752
246	5120	5120	149031	342900	52641	68580	6210	12419	51821	5029	97378	97378	149031	342900	140277	52641	29	198708	59612
247	5140	5140	151104	346215	53482	69243	6296	12592	52243	5125	98659	98659	151104	346215	141633	53482	29	201472	60441
248	5160	5160	152786	349396	54139	69879	6366	12732	52422	5209	99716	99716	152786	349396	142934	54139	29	203715	61114
249	5180	5180	154740	352380	55053	70476	6448	12895	52883	5303	100844	100844	154740	352380	144155	55053	29	206320	61896
250	5200	5200	156545	358414	55879	71683	6523	13045	53064	5393	101898	101898	156545	358414	146623	55879	29	208727	62618
251	5220	5220	157786	364158	56066	72832	6574	13149	53487	5464	102876	102876	157786	364158	148973	56066	29	210381	63114
252	5240	5240	159321	371028	56628	74206	6638	13277	53705	5545	103866	103866	159321	371028	151784	56628	29	212428	63728
253	5260	5260	160294	376528	56970	75306	6679	13358	54137	5607	104503	104503	160294	376528	154034	56970	29	213725	64117
254	5280	5280	161147	382629	57113	76526	6714	13429	54356	5665	105166	105166	161147	382629	156530	57113	29	214863	64458
255	5300	5300	162331	388878	57478	77776	6764	13528	54786	5736	105975	105975	162331	388878	159086	57478	29	216442	64932
256	5320	5320	163783	395721	57887	79144	6824	13649	54972	5816	106993	106993	163783	395721	161885	57887	29	218378	65513
257	5340	5340	165060	402331	58363	80466	6878	13755	55441	5890	107811	107811	165060	402331	164589	58363	29	220080	66024
258	5360	5360	165784	407999	58573	81600	6908	13815	55628	5946	108314	108314	165784	407999	166908	58573	29	221045	66313
259	5380	5380	167920	415881	59116	83176	6997	13993	56101	6052	109850	109850	167920	415881	170133	59116	29	223893	67167
260	5400	5400	169245	422338	59305	84468	7052	14104	56539	6129	110903	110903	169245	422338	172774	59305	29	225660	67697
261	5420	5420	170430	429107	59738	85821	7101	14202	56728	6203	111667	111667	170430	429107	175543	59738	29	227240	68171
262	5440	5440	172530	437454	60438	87491	7189	14377	57207	6309	113067	113067	172530	437454	178958	60438	29	230040	69011
263	5460	5460	173895	444191	60716	88838	7246	14491	57398	6390	114095	114095	173895	444191	181714	60716	29	231860	69558
264	5480	5480	176731	454204	61395	90841	7364	14728	57875	6526	116164	116164	176731	454204	185810	61395	29	235642	70692
265	5500	5500	180551	465957	62340	93191	7523	15046	58322	6698	118929	118929	180551	465957	190618	62340	29	240735	72220
266	5520	5520	183215	475456	63064	95091	7634	15268	58553	6830	120815	120815	183215	475456	194504	63064	29	244287	73286
267	5540	5540	185720	485805	63709	97161	7738	15477	58998	6956	122611	122611	185720	485805	198738	63709	29	247626	74287
268	5560	5560	187980	495584	64310	99117	7832	15665	59484	7074	124219	124219	187980	495584	202738	64310	29	250639	75191
269	5580	5580	190145	505276	64867	101055	7923	15845	59680	7189	125773	125773	190145	505276	206703	64867	29	253527	76058
270	5600	5600	193153	515450	65758	103090	8048	16096	60130	7337	127852	127852	193153	515450	210865	65758	29	257537	77261
271	5620	5620	195776	525565	66472	105113	8157	16315	60616	7471	129707	129707	195776	525565	215003	66472	29	261034	78310
272	5640	5640	198282	535053	67159	107011	8262	16523	61071	7601	131477	131477	198282	535053	218885	67159	29	264376	79312
273	5660	5660	200006	543455	67668	108691	8334	16667	61310	7703	132670	132670	200006	543455	222322	67668	29	266674	80002
274	5680	5680	202994	553016	68490	110603	8458	16916	61768	7854	134779	134779	202994	553016	226233	68490	29	270659	81197
275	5700	5700	205003	558137	69000	111627	8542	17084	62262	7968	136224	136224	205003	558137	228328	69000	29	273337	82001
276	5720	5720	206733	563868	69599	112774	8614	17228	62724	8072	137362	137362	206733	563868	230673	69599	29	275644	82693
277	5740	5740	209182	570503	70401	114101	8716	17432	63222	8204	139005	139005	209182	570503	233387	70401	29	278909	83672
278	5760	5760	211161	576279	71046	115256	8798	17597	63427	8319	140334	140334	211161	576279	235750	71046	29	281548	84464
279	5780	5780	213972	583513	71827	116703	8915	17831	63929	8468	142312	142312	213972	583513	238710	71827	29	285296	85588
280	5800	5800	216610	590925	72592	118185	9025	18051	64394	8610	144147	144147	216610	590925	241742	72592	29	288813	86643
281	5820	5820	219236	598100	73470	119620	9135	18270	64900	8753	145896	145896	219236	598100	244677	73470	29	292314	87694
282	5840	5840	221653	604619	74169	120924	9236	18471	65369	8889	147578	147578	221653	604619	247344	74169	29	295537	88661
283	5860	5860	224666	612473	75071	122495	9361	18722	65880	9050	149656	149656	224666	612473	250557	75071	29	299555	89866
284	5880	5880	226844	619372	75749	123874	9452	18904	66353	9177	151140	151140	226844	619372	253379	75749	29	302459	90737
285	5900	5900	229848	627608	76876	125522	9577	19154	66606	9340	153058	153058	229848	627608	256748	76876	29	306464	91939
286	5920	5920	231732	634156	77444	126831	9656	19311	67077	9457	154354	154354	231732	634156	259427	77444	29	308976	92692
287	5940	5940	234717	641814	78438	128363	9780	19560	67596	9620	156344	156344	234717	641814	262560	78438	29	312956	93886
288	5960	5960	238035	650229	79322	130046	9918	19836	68118	9798	158705	158705	238035	650229	266002	79322	29	317380	95214
289	5980	5980	240719	657491	80183	131498	10030	20060	68595	9951	160516	160516	240719	657491	268973	80183	29	320958	96287
290	6000	6000	243674	665256	81248	133051	10153	20306	69121	10117	162433	162433	243674	665256	272150	81248	29	324898	97469
291	6020	6020	246045	671928	82134	134386	10252	20504	69603	10258	163951	163951	246045	671928	274879	82134	29	328060	98418
292	6040	6040	256194	692118	83479	138424	10675	21350	70134	10727	172075	172075	256194	692118	283139	83479	29	341593	102477
293	6060	6060	259539	700306	84624	140061	10814	21628	70619	10913	174285	174285	259539	700306	286488	84624	29	346052	103815
294	6080	6080	263272	709356	85769	141871	10970	21939	71149	11116	176839	176839	263272	709356	290191	85769	29	351029	105308
295	6100	6100	261100	707351	87254	141470	10879	21758	71645	11071	173919	173919	261100	707351	289370	87254	29	348133	104439
296	6120	6120	265027	716776	88401	143355	11043	22086	72179	11284	176645	176645	265027	716776	293226	88401	29	353369	106010
297	6140	6140	269067	726286	89573	145257	11211	22422	72673	11503	179455	179455	269067	726286	297116	89573	29	358756	107626
298	6160	6160	273420	736198	90813	147240	11392	22785	73213	11738	182497	182497	273420	736198	301171	90813	29	364559	109367
299	6180	6180	277967	746100	92302	149220	11582	23164	73711	11982	185547	185547	277967	746100	305222	92302	29	370623	111186
300	6200	6200	282365	756154	93590	151231	11765	23530	74260	12222	188597	188597	282365	756154	309335	93590	29	376486	112945
301	6220	6220	286190	764970	94313	152994	11925	23849	74763	12438	191515	191515	286190	764970	312942	94313	29	381586	114475
302	6240	6240	291124	776571	95332	155314	12130	24260	75312	12704	195222	195222	291124	776571	317688	95332	59	388165	116449
303	6260	6260	294851	785918	95989	157184	12285	24571	75863	12918	198097	198097	294851	785918	321511	95989	90	393135	117940
304	6280	6280	299530	795627	96871	159125	12480	24961	76372	13176	201668	201668	299530	795627	325483	96871	122	399373	119812
305	6300	6300	303045	802534	97301	160507	12627	25254	76927	13385	204506	204506	303045	802534	328309	97301	155	404061	121218
306	6320	6320	307803	811005	98207	162201	12825	25650	77209	13595	208131	208131	307803	811005	331774	98207	189	410404	123121
307	6340	6340	312672	819676	99136	163935	13028	26056	77209	13810	211839	211839	312672	819676	335322	99136	224	416896	125068
308	6360	6360	316187	825779	99724	165156	13174	26349	77530	13965	214571	214571	316187	825779	337818	99724	258	421582	126474
309	6380	6380	320373	833201	100404	166640	13349	26698	77807	14150	217840	217840	320373	833201	340855	100404	294	427164	128149
310	6400	6400	324049	839469	101015	167894	13502	27004	78128	14312	220700	220700	324049	839469	343419	101015	331	432065	129619
311	6420	6420	327913	846140	101853	169228	13663	27326	78405	14483	223576	223576	327913	846140	346148	101853	368	437217	131165
312	6440	6440	331285	851933	102464	170387	13804	27607	78727	14632	226165	226165	331285	851933	348517	102464	406	441713	132513
313	6460	6460	334958	858048	103211	171610	13957	27913	79003	14794	228933	228933	334958	858048	351019	103211	445	446611	133983
314	6480	6480	337163	863056	103777	172611	14048	28097	79049	14891	230515	230515	337163	863056	353068	103777	482	449550	134865
315	6500	6500	340608	869799	104683	173960	14192	28384	79332	15044	232974	232974	340608	869799	355826	104683	522	454144	136243
316	6520	6520	343452	874627	105385	174925	14311	28621	79608	15169	235034	235034	343452	874627	357801	105385	561	457936	137380
317	6540	6540	341078	871258	106087	174252	14212	28423	79931	15064	232455	232455	341078	871258	356423	106087	592	454771	136431
318	6560	6560	349959	888490	106721	177698	14582	29163	80208	15457	239927	239927	349959	888490	363473	106721	643	466612	139983
319	6580	6580	354039	896532	107649	179306	14752	29503	80255	15637	242935	242935	354039	896532	366762	107649	666	472052	141615
320	6600	6600	357067	903877	108306	180775	14878	29756	80538	15770	245189	245189	357067	903877	369767	108306	687	476090	142826
321	6620	6620	361829	912897	109325	182579	15076	30152	80815	15981	248742	248742	361829	912897	373457	109325	711	482439	144731
322	6640	6640	364536	920296	109778	184059	15189	30378	81139	16100	250847	250847	364536	920296	376484	109778	732	486048	145814
323	6660	6660	368917	929845	110955	185969	15372	30743	81139	16294	253955	253955	368917	929845	380391	110955	756	491889	147566
324	6680	6680	371818	937632	111363	187526	15492	30985	81416	16422	256262	256262	371818	937632	383576	111363	778	495757	148727
325	6700	6700	375771	945764	112424	189153	15657	31314	81746	16597	259069	259069	375771	945764	386903	112424	802	501028	150308
326	6720	6720	378771	953957	112919	190791	15782	31564	81746	16729	261405	261405	378771	953957	390255	112919	824	505027	151508
327	6740	6740	381864	961666	113731	192333	15911	31822	82024	16866	263613	263613	381864	961666	393408	113731	847	509151	152745
328	6760	6760	385145	968392	114475	193678	16048	32095	82354	17011	266034	266034	385145	968392	396160	114475	871	513527	154058
329	6780	6780	387640	976099	115196	195220	16152	32303	82632	17121	267771	267771	387640	976099	399313	115196	888	516854	155056
330	6800	6800	390400	983853	115940	196771	16267	32533	82680	17243	269728	269728	390400	983853	402485	115940	906	520533	156159
331	6820	6820	392903	990831	116752	198166	16371	32742	82958	17353	271411	271411	392903	990831	405339	116752	924	523870	157161
332	6840	6840	395632	997445	117451	199489	16485	32969	83241	17474	273372	273372	395632	997445	408045	117451	942	527509	158252
333	6860	6860	397452	1003722	118195	200744	16560	33121	83289	17554	274493	274493	397452	1003722	410613	118195	958	529936	158980
334	6880	6880	399761	1011195	118984	202239	16657	33313	83573	17656	276020	276020	399761	1011195	413670	118984	976	533015	159904
335	6900	6900	401570	1016327	119774	203265	16732	33464	83851	17736	277101	277101	401570	1016327	415770	119774	992	535426	160627
336	6920	6920	403567	1023191	120269	204638	16815	33631	83899	17824	278547	278547	403567	1023191	418578	120269	1009	538090	161426
337	6940	6940	406670	1031335	121398	206267	16945	33889	84183	17961	280552	280552	406670	1031335	421909	121398	1029	542227	162668
338	6960	6960	407787	1036427	121847	207285	16991	33982	84461	18011	281246	281246	407787	1036427	423992	121847	1044	543717	163114
339	6980	6980	410895	1044538	122931	208908	17121	34241	84510	18148	283286	283286	410895	1044538	427311	122931	1065	547860	164358
340	7000	7000	412442	1050759	123403	210152	17185	34370	84794	18216	284346	284346	412442	1050759	429856	123403	1081	549923	164976
341	7020	7020	416494	1058101	124854	211620	17354	34708	85078	18395	286980	286980	416494	1058101	432859	124854	1104	555326	166597
342	7040	7040	420543	1066506	126414	213301	17523	35045	85078	18574	289540	289540	420543	1066506	436297	126414	1128	560724	168217
343	7060	7060	424048	1073524	128066	214705	17669	35337	85411	18729	291554	291554	424048	1073524	439168	128066	1150	565397	169619
344	7080	7080	428779	1081213	129837	216243	17866	35732	85411	18938	294578	294578	428779	1081213	442314	129837	1175	571705	171511
345	7100	7100	432743	1087340	131142	217468	18031	36062	85695	19113	297232	297232	432743	1087340	444820	131142	1199	576991	173097
346	7120	7120	440468	1097994	133216	219599	18353	36706	86023	19454	302716	302716	440468	1097994	449179	133216	1234	587291	176187
347	7140	7140	446972	1105820	134763	221164	18624	37248	86023	19741	307467	307467	446972	1105820	452380	134763	1266	595963	178788
348	7160	7160	454037	1115309	136597	223062	18918	37836	86307	20053	312523	312523	454037	1115309	456262	136597	1299	605383	181614
349	7180	7180	462135	1125511	138804	225102	19256	38511	86641	20411	318251	318251	462135	1125511	460436	138804	1336	616180	184854
350	7200	7200	468903	1134241	140519	226848	19538	39075	86641	20710	323123	323123	468903	1134241	464007	140519	1370	625205	187561
351	7220	7220	475118	1142626	141320	228525	19797	39593	86926	20984	328113	328113	475118	1142626	467437	141320	1402	633490	190047
352	7240	7240	482723	1368551	142834	273710	20113	40227	86976	21320	333864	333864	482723	1368551	559861	142834	1439	643631	193089
353	7260	7260	490059	1379382	144494	275876	20419	40838	87266	21644	339278	339278	490059	1379382	564292	144494	1476	653412	196023
354	7280	7280	500434	1392373	146487	278475	20851	41703	87551	22103	347172	347172	500434	1392373	569607	146487	1522	667245	200173
355	7300	7300	503102	1399995	146922	279999	20963	41925	87551	22220	349254	349254	503102	1399995	572725	146922	1545	670803	201240
356	7320	7320	507869	1409416	148778	281883	21161	42322	87886	22431	352254	352254	507869	1409416	576579	148778	1575	677159	203147
357	7340	7340	513485	1418589	150574	283718	21395	42790	87886	22679	356048	356048	513485	1418589	580331	150574	1608	684646	205393
358	7360	7360	518231	1428633	152295	285727	21593	43186	88171	22889	359119	359119	518231	1428633	584440	152295	1639	690974	207292
359	7380	7380	524786	1438772	154421	287754	21866	43732	88222	23178	363529	363529	524786	1438772	588588	154421	1675	699715	209914
360	7400	7400	528343	1446157	155608	289231	22014	44029	88513	23335	365900	365900	528343	1446157	591609	155608	1702	704458	211337
361	7420	7420	530211	1453430	156918	290686	22092	44184	88798	23418	366686	366686	530211	1453430	594584	156918	1724	706948	212084
362	7440	7440	541291	1463032	158850	292606	22554	45108	88798	23907	375247	375247	541291	1463032	598512	158850	1777	721721	216516
363	7460	7460	548741	1470940	160155	294188	22864	45728	89134	24236	380999	380999	548741	1470940	601748	160155	1818	731655	219496
364	7480	7480	570799	1504287	162137	300857	23783	47567	89134	25210	399285	399285	570799	1504287	615390	162137	1908	761065	228319
365	7500	7500	578704	1511954	163403	302391	24113	48225	89425	25559	405467	405467	578704	1511954	618526	163403	1952	771605	231481
366	7520	7520	584685	1517407	164696	303481	24362	48724	89425	25824	409922	409922	584685	1517407	620757	164696	1989	779580	233874
367	7540	7540	593756	1528334	166687	305667	24740	49480	89761	26224	416658	416658	593756	1528334	625227	166687	2038	791674	237502
368	7560	7560	591438	1535355	168011	307071	24643	49286	90052	26122	413714	413714	591438	1535355	628099	168011	2048	788583	236575
369	7580	7580	598862	1542697	169627	308539	24953	49905	90052	26450	419237	419237	598862	1542697	631103	169627	2091	798483	239544
370	7600	7600	608439	1552379	171364	310476	25352	50703	90396	26873	426591	426591	608439	1552379	635064	171364	2143	811252	243375
371	7620	7620	615181	1561547	172392	312309	25633	51265	90396	27170	431899	431899	615181	1561547	638814	172392	2185	820241	246072
372	7640	7640	624270	1576093	174121	315219	26011	52022	90687	27572	438825	438825	624270	1576093	644765	174121	2236	832359	249707
373	7660	7660	630982	1585248	175018	317050	26291	52582	90687	27868	444194	444194	630982	1585248	648510	175018	2279	841310	252392
374	7680	7680	625084	1575934	175933	315187	26045	52090	91025	27608	438341	438341	625084	1575934	644700	175933	2277	833445	250033
375	7700	7700	634887	1591579	177581	318316	26454	52907	91316	28041	445957	445957	634887	1591579	651100	177581	2332	846517	253954
376	7720	7720	641660	1605589	178503	321118	26736	53472	91316	28340	451362	451362	641660	1605589	656831	178503	2376	855547	256664
377	7740	7740	649480	1620912	179716	324182	27062	54123	91607	28685	457504	457504	649480	1620912	663100	179716	2416	865973	259791
378	7760	7760	656956	1639740	181320	327948	27373	54746	91660	29016	463080	463080	656956	1639740	670802	181320	2454	875941	262782
379	7780	7780	664592	1654815	182217	330963	27691	55383	91952	29353	469269	469269	664592	1654815	676969	182217	2494	886122	265836
380	7800	7800	660748	1672238	199858	334448	27531	55062	91952	29183	454093	454093	660748	1672238	684097	199858	2491	880998	264299
381	7820	7820	665522	1688546	200874	337709	27730	55460	92296	29394	457659	457659	665522	1688546	690768	200874	2520	887363	266208
382	7840	7840	671488	1701269	202867	340254	27979	55957	92296	29657	461633	461633	671488	1701269	695973	202867	2554	895317	268595
383	7860	7860	679542	1719996	205020	343999	28314	56629	92588	30013	467357	467357	679542	1719996	703634	205020	2596	906056	271816
384	7880	7880	684223	1737432	205874	347486	28509	57019	92588	30220	470948	470948	684223	1737432	710767	205874	2625	912297	273689
385	7900	7900	688674	1751929	209202	350386	28695	57389	92939	30416	472686	472686	688674	1751929	716698	209202	2653	918232	275469
386	7920	7920	695233	1770035	213431	354007	28968	57936	93231	30706	475697	475697	695233	1770035	724105	213431	2690	926977	278093
387	7940	7940	702349	1783085	218618	356617	29265	58529	93231	31020	478564	478564	702349	1783085	729443	218618	2730	936465	280939
388	7960	7960	707833	1800491	222775	360098	29493	58986	93523	31263	480668	480668	707833	1800491	736564	222775	2763	943777	283133
389	7980	7980	714345	1817763	227204	363553	29764	59529	93576	31550	483503	483503	714345	1817763	743630	227204	2800	952460	285738
390	8000	8000	720489	1832658	232556	366532	30020	60041	93874	31822	485397	485397	720489	1832658	749723	232556	2836	960652	288195
391	8020	8020	729514	1854028	237942	370806	30396	60793	93874	32220	489828	489828	729514	1854028	758465	237942	2884	972685	291805
392	8040	8040	735339	1870702	242959	374140	30639	61278	94166	32477	491661	491661	735339	1870702	765287	242959	2919	980452	294135
393	8060	8060	741959	1886312	249355	377262	30915	61830	94220	32770	493283	493283	741959	1886312	771672	249355	2958	989279	296783
394	8080	8080	748977	1903669	255078	380734	31207	62415	94518	33080	495705	495705	748977	1903669	778773	255078	2998	998636	299590
395	8100	8100	753467	1917755	257532	383551	31394	62789	94518	33278	498060	498060	753467	1917755	784536	257532	3029	1004623	301386
396	8120	8120	757833	1932868	260121	386574	31576	63153	94816	33471	500214	500214	757833	1932868	790718	260121	3059	1010443	303133
397	8140	8140	757235	1996282	259367	399256	31551	63103	95163	33445	500186	500186	757235	1996282	816660	259367	3069	1009647	302894
398	8160	8160	761074	2008834	261329	401767	31711	63423	95163	33614	502291	502291	761074	2008834	821795	261329	3097	1014766	304429
399	8180	8180	780640	2055817	264314	411163	32527	65053	95461	34478	517692	517692	780640	2055817	841015	264314	3190	1040853	312255
400	8200	8200	784183	2072587	266301	414517	32674	65349	95461	34635	519517	519517	784183	2072587	847876	266301	3218	1045577	313673
