int	int	string	int	int	int[]	int[]	int
ID	Type	Name	Lv	NeedExp	AttrType	AttrNum	SkillID
编号	神兵类型	神兵名称	神兵等级	升级所需经验	加成属性类型	属性加成值	技能ID
1	1	生命神兵	1	40	6	3901	0
2	1	生命神兵	2	50	6	4260	0
3	1	生命神兵	3	60	6	4622	0
4	1	生命神兵	4	60	6	4988	0
5	1	生命神兵	5	60	6	5357	0
6	1	生命神兵	6	60	6	5729	0
7	1	生命神兵	7	60	6	6104	0
8	1	生命神兵	8	60	6	6483	0
9	1	生命神兵	9	60	6	6865	0
10	1	生命神兵	10	70	6	7251	0
11	1	生命神兵	11	70	6	7639	0
12	1	生命神兵	12	70	6	8032	0
13	1	生命神兵	13	70	6	8427	0
14	1	生命神兵	14	80	6	8826	0
15	1	生命神兵	15	80	6	9229	0
16	1	生命神兵	16	70	6	9635	0
17	1	生命神兵	17	80	6	10044	0
18	1	生命神兵	18	80	6	10458	0
19	1	生命神兵	19	80	6	10874	0
20	1	生命神兵	20	90	6	11295	0
21	1	生命神兵	21	90	6	11718	0
22	1	生命神兵	22	90	6	12146	0
23	1	生命神兵	23	90	6	12577	0
24	1	生命神兵	24	100	6	13012	0
25	1	生命神兵	25	100	6	13450	0
26	1	生命神兵	26	100	6	13893	0
27	1	生命神兵	27	100	6	14339	0
28	1	生命神兵	28	100	6	14788	0
29	1	生命神兵	29	110	6	15242	0
30	1	生命神兵	30	110	6	15699	0
31	1	生命神兵	31	110	6	16160	0
32	1	生命神兵	32	110	6	16625	0
33	1	生命神兵	33	120	6	17094	0
34	1	生命神兵	34	120	6	17567	0
35	1	生命神兵	35	120	6	18044	0
36	1	生命神兵	36	120	6	18525	0
37	1	生命神兵	37	120	6	19009	0
38	1	生命神兵	38	130	6	19498	0
39	1	生命神兵	39	130	6	19991	0
40	1	生命神兵	40	130	6	20487	0
41	1	生命神兵	41	140	6	20988	0
42	1	生命神兵	42	140	6	21493	0
43	1	生命神兵	43	140	6	22002	0
44	1	生命神兵	44	140	6	22515	0
45	1	生命神兵	45	150	6	23033	0
46	1	生命神兵	46	150	6	23554	0
47	1	生命神兵	47	160	6	24080	0
48	1	生命神兵	48	160	6	24610	0
49	1	生命神兵	49	160	6	25144	0
50	1	生命神兵	50	170	6	25682	0
51	1	生命神兵	51	170	6	26225	0
52	1	生命神兵	52	170	6	26772	0
53	1	生命神兵	53	170	6	27323	0
54	1	生命神兵	54	180	6	27879	0
55	1	生命神兵	55	180	6	28439	0
56	1	生命神兵	56	180	6	29004	0
57	1	生命神兵	57	190	6	29573	0
58	1	生命神兵	58	190	6	30146	0
59	1	生命神兵	59	190	6	30724	0
60	1	生命神兵	60	200	6	31306	0
61	1	生命神兵	61	200	6	31893	0
62	1	生命神兵	62	200	6	32485	0
63	1	生命神兵	63	210	6	33081	0
64	1	生命神兵	64	220	6	33681	0
65	1	生命神兵	65	220	6	34286	0
66	1	生命神兵	66	220	6	34896	0
67	1	生命神兵	67	220	6	35511	0
68	1	生命神兵	68	230	6	36130	0
69	1	生命神兵	69	230	6	36754	0
70	1	生命神兵	70	240	6	37382	0
71	1	生命神兵	71	240	6	38016	0
72	1	生命神兵	72	240	6	38654	0
73	1	生命神兵	73	250	6	39297	0
74	1	生命神兵	74	260	6	39945	0
75	1	生命神兵	75	260	6	40597	0
76	1	生命神兵	76	260	6	41255	0
77	1	生命神兵	77	270	6	41917	0
78	1	生命神兵	78	270	6	42584	0
79	1	生命神兵	79	280	6	43256	0
80	1	生命神兵	80	280	6	43933	0
81	1	生命神兵	81	280	6	44616	0
82	1	生命神兵	82	290	6	45303	0
83	1	生命神兵	83	290	6	45995	0
84	1	生命神兵	84	300	6	46692	0
85	1	生命神兵	85	310	6	47394	0
86	1	生命神兵	86	310	6	48102	0
87	1	生命神兵	87	310	6	48814	0
88	1	生命神兵	88	320	6	49532	0
89	1	生命神兵	89	320	6	50254	0
90	1	生命神兵	90	330	6	50982	0
91	1	生命神兵	91	340	6	51716	0
92	1	生命神兵	92	340	6	52454	0
93	1	生命神兵	93	340	6	53198	0
94	1	生命神兵	94	350	6	53947	0
95	1	生命神兵	95	360	6	54701	0
96	1	生命神兵	96	360	6	55460	0
97	1	生命神兵	97	370	6	56225	0
98	1	生命神兵	98	370	6	56995	0
99	1	生命神兵	99	380	6	57771	0
100	1	生命神兵	100	390	6	58552	0
101	1	生命神兵	101	390	6	59339	0
102	1	生命神兵	102	400	6	60130	0
103	1	生命神兵	103	400	6	60928	0
104	1	生命神兵	104	410	6	61731	0
105	1	生命神兵	105	420	6	62539	0
106	1	生命神兵	106	420	6	63353	0
107	1	生命神兵	107	430	6	64173	0
108	1	生命神兵	108	430	6	64998	0
109	1	生命神兵	109	440	6	65829	0
110	1	生命神兵	110	450	6	66665	0
111	1	生命神兵	111	460	6	67507	0
112	1	生命神兵	112	460	6	68355	0
113	1	生命神兵	113	470	6	69209	0
114	1	生命神兵	114	470	6	70068	0
115	1	生命神兵	115	480	6	70933	0
116	1	生命神兵	116	490	6	71803	0
117	1	生命神兵	117	500	6	72680	0
118	1	生命神兵	118	500	6	73562	0
119	1	生命神兵	119	520	6	74451	0
120	1	生命神兵	120	520	6	75345	0
121	1	生命神兵	121	530	6	76245	0
122	1	生命神兵	122	530	6	77151	0
123	1	生命神兵	123	540	6	78062	0
124	1	生命神兵	124	550	6	78980	0
125	1	生命神兵	125	560	6	79904	0
126	1	生命神兵	126	560	6	80834	0
127	1	生命神兵	127	580	6	81770	0
128	1	生命神兵	128	580	6	82711	0
129	1	生命神兵	129	590	6	83659	0
130	1	生命神兵	130	590	6	84613	0
131	1	生命神兵	131	610	6	85574	0
132	1	生命神兵	132	610	6	86540	0
133	1	生命神兵	133	620	6	87512	0
134	1	生命神兵	134	630	6	88491	0
135	1	生命神兵	135	640	6	89476	0
136	1	生命神兵	136	650	6	90467	0
137	1	生命神兵	137	660	6	91464	0
138	1	生命神兵	138	670	6	92468	0
139	1	生命神兵	139	670	6	93478	0
140	1	生命神兵	140	690	6	94494	0
141	1	生命神兵	141	690	6	95517	0
142	1	生命神兵	142	700	6	96546	0
143	1	生命神兵	143	710	6	97581	0
144	1	生命神兵	144	730	6	98623	0
145	1	生命神兵	145	730	6	99671	0
146	1	生命神兵	146	740	6	100726	0
147	1	生命神兵	147	750	6	101787	0
148	1	生命神兵	148	760	6	102855	0
149	1	生命神兵	149	770	6	103929	0
150	1	生命神兵	150	790	6	105010	0
151	1	生命神兵	151	790	6	106097	0
152	1	生命神兵	152	800	6	107191	0
153	1	生命神兵	153	810	6	108292	0
154	1	生命神兵	154	820	6	109399	0
155	1	生命神兵	155	840	6	110513	0
156	1	生命神兵	156	840	6	111633	0
157	1	生命神兵	157	860	6	112761	0
158	1	生命神兵	158	870	6	113895	0
159	1	生命神兵	159	870	6	115035	0
160	1	生命神兵	160	890	6	116183	0
161	1	生命神兵	161	900	6	117337	0
162	1	生命神兵	162	910	6	118499	0
163	1	生命神兵	163	930	6	119667	0
164	1	生命神兵	164	930	6	120842	0
165	1	生命神兵	165	950	6	122024	0
166	1	生命神兵	166	960	6	123212	0
167	1	生命神兵	167	970	6	124408	0
168	1	生命神兵	168	980	6	125611	0
169	1	生命神兵	169	1000	6	126820	0
170	1	生命神兵	170	1010	6	128037	0
171	1	生命神兵	171	1020	6	129261	0
172	1	生命神兵	172	1030	6	130491	0
173	1	生命神兵	173	1050	6	131729	0
174	1	生命神兵	174	1050	6	132974	0
175	1	生命神兵	175	1080	6	134226	0
176	1	生命神兵	176	1080	6	135485	0
177	1	生命神兵	177	1100	6	136752	0
178	1	生命神兵	178	1110	6	138025	0
179	1	生命神兵	179	1130	6	139306	0
180	1	生命神兵	180	1140	6	140594	0
181	1	生命神兵	181	1150	6	141890	0
182	1	生命神兵	182	1160	6	143192	0
183	1	生命神兵	183	1190	6	144502	0
184	1	生命神兵	184	1190	6	145819	0
185	1	生命神兵	185	1210	6	147144	0
186	1	生命神兵	186	1220	6	148476	0
187	1	生命神兵	187	1240	6	149815	0
188	1	生命神兵	188	1250	6	151162	0
189	1	生命神兵	189	1270	6	152516	0
190	1	生命神兵	190	1290	6	153878	0
191	1	生命神兵	191	1290	6	155247	0
192	1	生命神兵	192	1320	6	156624	0
193	1	生命神兵	193	1330	6	158008	0
194	1	生命神兵	194	1340	6	159400	0
195	1	生命神兵	195	1360	6	160799	0
196	1	生命神兵	196	1380	6	162206	0
197	1	生命神兵	197	1390	6	163621	0
198	1	生命神兵	198	1410	6	165043	0
199	1	生命神兵	199	1420	6	166473	0
200	1	生命神兵	200	1440	6	167911	0
201	1	生命神兵	201	1460	6	169356	0
202	1	生命神兵	202	1470	6	170809	0
203	1	生命神兵	203	1490	6	172270	0
204	1	生命神兵	204	1510	6	173738	0
205	1	生命神兵	205	1530	6	175215	0
206	1	生命神兵	206	1540	6	176699	0
207	1	生命神兵	207	1560	6	178191	0
208	1	生命神兵	208	1580	6	179691	0
209	1	生命神兵	209	1590	6	181199	0
210	1	生命神兵	210	1620	6	182715	0
211	1	生命神兵	211	1630	6	184239	0
212	1	生命神兵	212	1650	6	185771	0
213	1	生命神兵	213	1670	6	187310	0
214	1	生命神兵	214	1690	6	188858	0
215	1	生命神兵	215	1700	6	190414	0
216	1	生命神兵	216	1730	6	191978	0
217	1	生命神兵	217	1740	6	193550	0
218	1	生命神兵	218	1760	6	195130	0
219	1	生命神兵	219	1790	6	196718	0
220	1	生命神兵	220	1800	6	198315	0
221	1	生命神兵	221	1820	6	199919	0
222	1	生命神兵	222	1840	6	201532	0
223	1	生命神兵	223	1870	6	203153	0
224	1	生命神兵	224	1880	6	204782	0
225	1	生命神兵	225	1900	6	206419	0
226	1	生命神兵	226	1930	6	208065	0
227	1	生命神兵	227	1940	6	209719	0
228	1	生命神兵	228	1970	6	211382	0
229	1	生命神兵	229	1980	6	213052	0
230	1	生命神兵	230	2010	6	214732	0
231	1	生命神兵	231	2030	6	216419	0
232	1	生命神兵	232	2050	6	218115	0
233	1	生命神兵	233	2080	6	219820	0
234	1	生命神兵	234	2090	6	221532	0
235	1	生命神兵	235	2120	6	223254	0
236	1	生命神兵	236	2140	6	224984	0
237	1	生命神兵	237	2170	6	226722	0
238	1	生命神兵	238	2180	6	228469	0
239	1	生命神兵	239	2210	6	230225	0
240	1	生命神兵	240	2230	6	231989	0
241	1	生命神兵	241	2260	6	233762	0
242	1	生命神兵	242	2280	6	235543	0
243	1	生命神兵	243	2300	6	237334	0
244	1	生命神兵	244	2330	6	239133	0
245	1	生命神兵	245	2350	6	240940	0
246	1	生命神兵	246	2370	6	242757	0
247	1	生命神兵	247	2400	6	244582	0
248	1	生命神兵	248	2430	6	246416	0
249	1	生命神兵	249	2450	6	248258	0
250	1	生命神兵	250	2470	6	250110	0
251	1	生命神兵	251	2510	6	251970	0
252	1	生命神兵	252	2520	6	253840	0
253	1	生命神兵	253	2550	6	255718	0
254	1	生命神兵	254	2580	6	257605	0
255	1	生命神兵	255	2610	6	259501	0
256	1	生命神兵	256	2630	6	261406	0
257	1	生命神兵	257	2650	6	263320	0
258	1	生命神兵	258	2690	6	265243	0
259	1	生命神兵	259	2710	6	267176	0
260	1	生命神兵	260	2740	6	269117	0
261	1	生命神兵	261	2760	6	271067	0
262	1	生命神兵	262	2800	6	273027	0
263	1	生命神兵	263	2820	6	274995	0
264	1	生命神兵	264	2850	6	276973	0
265	1	生命神兵	265	2880	6	278960	0
266	1	生命神兵	266	2900	6	280956	0
267	1	生命神兵	267	2940	6	282961	0
268	1	生命神兵	268	2960	6	284976	0
269	1	生命神兵	269	3000	6	287000	0
270	1	生命神兵	270	3020	6	289033	0
271	1	生命神兵	271	3050	6	291075	0
272	1	生命神兵	272	3080	6	293127	0
273	1	生命神兵	273	3120	6	295188	0
274	1	生命神兵	274	3140	6	297259	0
275	1	生命神兵	275	3170	6	299339	0
276	1	生命神兵	276	3210	6	301428	0
277	1	生命神兵	277	3230	6	303527	0
278	1	生命神兵	278	3270	6	305635	0
279	1	生命神兵	279	3300	6	307753	0
280	1	生命神兵	280	3330	6	309881	0
281	1	生命神兵	281	3360	6	312018	0
282	1	生命神兵	282	3400	6	314164	0
283	1	生命神兵	283	3430	6	316320	0
284	1	生命神兵	284	3460	6	318486	0
285	1	生命神兵	285	3490	6	320661	0
286	1	生命神兵	286	3520	6	322846	0
287	1	生命神兵	287	3560	6	325041	0
288	1	生命神兵	288	3600	6	327245	0
289	1	生命神兵	289	3630	6	329459	0
290	1	生命神兵	290	3660	6	331683	0
291	1	生命神兵	291	3690	6	333917	0
292	1	生命神兵	292	3730	6	336160	0
293	1	生命神兵	293	3770	6	338413	0
294	1	生命神兵	294	3800	6	340677	0
295	1	生命神兵	295	3840	6	342950	0
296	1	生命神兵	296	3870	6	345232	0
297	1	生命神兵	297	3910	6	347525	0
298	1	生命神兵	298	3950	6	349828	0
299	1	生命神兵	299	3980	6	352141	0
300	1	生命神兵	300	4020	6	354463	0
301	1	生命神兵	301	4050	6	356796	0
302	1	生命神兵	302	4090	6	359139	0
303	1	生命神兵	303	4130	6	361491	0
304	1	生命神兵	304	4170	6	363854	0
305	1	生命神兵	305	4210	6	366227	0
306	1	生命神兵	306	4240	6	368610	0
307	1	生命神兵	307	4290	6	371003	0
308	1	生命神兵	308	4320	6	373406	0
309	1	生命神兵	309	4360	6	375820	0
310	1	生命神兵	310	4400	6	378244	0
311	1	生命神兵	311	4440	6	380678	0
312	1	生命神兵	312	4480	6	383122	0
313	1	生命神兵	313	4530	6	385576	0
314	1	生命神兵	314	4560	6	388041	0
315	1	生命神兵	315	4600	6	390516	0
316	1	生命神兵	316	4650	6	393002	0
317	1	生命神兵	317	4680	6	395497	0
318	1	生命神兵	318	4730	6	398004	0
319	1	生命神兵	319	4770	6	400520	0
320	1	生命神兵	320	4810	6	403047	0
321	1	生命神兵	321	4860	6	405585	0
322	1	生命神兵	322	4900	6	408133	0
323	1	生命神兵	323	4940	6	410691	0
324	1	生命神兵	324	4980	6	413260	0
325	1	生命神兵	325	5030	6	415840	0
326	1	生命神兵	326	5070	6	418430	0
327	1	生命神兵	327	5120	6	421031	0
328	1	生命神兵	328	5160	6	423642	0
329	1	生命神兵	329	5210	6	426264	0
330	1	生命神兵	330	5250	6	428897	0
331	1	生命神兵	331	5300	6	431540	0
332	1	生命神兵	332	5340	6	434194	0
333	1	生命神兵	333	5390	6	436859	0
334	1	生命神兵	334	5440	6	439535	0
335	1	生命神兵	335	5480	6	442221	0
336	1	生命神兵	336	5540	6	444918	0
337	1	生命神兵	337	5570	6	447626	0
338	1	生命神兵	338	5630	6	450345	0
339	1	生命神兵	339	5680	6	453075	0
340	1	生命神兵	340	5720	6	455816	0
341	1	生命神兵	341	5770	6	458567	0
342	1	生命神兵	342	5820	6	461330	0
343	1	生命神兵	343	5870	6	464103	0
344	1	生命神兵	344	5920	6	466887	0
345	1	生命神兵	345	5980	6	469683	0
346	1	生命神兵	346	6020	6	472489	0
347	1	生命神兵	347	6070	6	475307	0
348	1	生命神兵	348	6120	6	478135	0
349	1	生命神兵	349	6180	6	480975	0
350	1	生命神兵	350	6220	6	483826	0
351	1	生命神兵	351	6280	6	486688	0
352	1	生命神兵	352	6330	6	489561	0
353	1	生命神兵	353	6390	6	492445	0
354	1	生命神兵	354	6430	6	495341	0
355	1	生命神兵	355	6490	6	498248	0
356	1	生命神兵	356	6550	6	501166	0
357	1	生命神兵	357	6600	6	504095	0
358	1	生命神兵	358	6650	6	507036	0
359	1	生命神兵	359	6710	6	509987	0
360	1	生命神兵	360	6760	6	512951	0
361	1	生命神兵	361	6820	6	515925	0
362	1	生命神兵	362	6870	6	518912	0
363	1	生命神兵	363	6940	6	521909	0
364	1	生命神兵	364	6980	6	524918	0
365	1	生命神兵	365	7050	6	527938	0
366	1	生命神兵	366	7100	6	530970	0
367	1	生命神兵	367	7160	6	534014	0
368	1	生命神兵	368	7220	6	537069	0
369	1	生命神兵	369	7270	6	540135	0
370	1	生命神兵	370	7340	6	543213	0
371	1	生命神兵	371	7390	6	546303	0
372	1	生命神兵	372	7460	6	549404	0
373	1	生命神兵	373	7510	6	552517	0
374	1	生命神兵	374	7570	6	555642	0
375	1	生命神兵	375	7640	6	558778	0
376	1	生命神兵	376	7690	6	561926	0
377	1	生命神兵	377	7760	6	565086	0
378	1	生命神兵	378	7820	6	568257	0
379	1	生命神兵	379	7880	6	571441	0
380	1	生命神兵	380	7950	6	574636	0
381	1	生命神兵	381	8000	6	577843	0
382	1	生命神兵	382	8070	6	581062	0
383	1	生命神兵	383	8140	6	584292	0
384	1	生命神兵	384	8190	6	587535	0
385	1	生命神兵	385	8270	6	590789	0
386	1	生命神兵	386	8320	6	594056	0
387	1	生命神兵	387	8400	6	597334	0
388	1	生命神兵	388	8450	6	600625	0
389	1	生命神兵	389	8530	6	603927	0
390	1	生命神兵	390	8590	6	607242	0
391	1	生命神兵	391	8660	6	610568	0
392	1	生命神兵	392	8720	6	613907	0
393	1	生命神兵	393	8800	6	617257	0
394	1	生命神兵	394	8860	6	620620	0
395	1	生命神兵	395	8930	6	623995	0
396	1	生命神兵	396	8990	6	627382	0
397	1	生命神兵	397	9070	6	630782	0
398	1	生命神兵	398	9140	6	634193	0
399	1	生命神兵	399	9210	6	637617	0
400	1	生命神兵	400	9270	6	641053	0
501	2	攻击神兵	0	1115	0	0	0
502	2	攻击神兵	1	35	7	451	0
503	2	攻击神兵	2	40	7	459	0
504	2	攻击神兵	3	40	7	467	0
505	2	攻击神兵	4	45	7	475	0
506	2	攻击神兵	5	45	7	483	0
507	2	攻击神兵	6	45	7	491	0
508	2	攻击神兵	7	45	7	499	0
509	2	攻击神兵	8	45	7	507	0
510	2	攻击神兵	9	50	7	516	0
511	2	攻击神兵	10	50	7	524	0
512	2	攻击神兵	11	50	7	532	0
513	2	攻击神兵	12	55	7	541	0
514	2	攻击神兵	13	55	7	549	0
515	2	攻击神兵	14	55	7	557	0
516	2	攻击神兵	15	55	7	566	0
517	2	攻击神兵	16	60	7	574	0
518	2	攻击神兵	17	60	7	583	0
519	2	攻击神兵	18	60	7	592	0
520	2	攻击神兵	19	65	7	600	0
521	2	攻击神兵	20	65	7	609	0
522	2	攻击神兵	21	65	7	618	0
523	2	攻击神兵	22	65	7	626	0
524	2	攻击神兵	23	70	7	635	0
525	2	攻击神兵	24	75	7	644	0
526	2	攻击神兵	25	75	7	653	0
527	2	攻击神兵	26	75	7	662	0
528	2	攻击神兵	27	75	7	671	0
529	2	攻击神兵	28	80	7	680	0
530	2	攻击神兵	29	80	7	689	0
531	2	攻击神兵	30	85	7	698	0
532	2	攻击神兵	31	85	7	708	0
533	2	攻击神兵	32	90	7	717	0
534	2	攻击神兵	33	90	7	726	0
535	2	攻击神兵	34	90	7	736	0
536	2	攻击神兵	35	90	7	745	0
537	2	攻击神兵	36	95	7	754	0
538	2	攻击神兵	37	95	7	764	0
539	2	攻击神兵	38	100	7	774	0
540	2	攻击神兵	39	100	7	783	0
541	2	攻击神兵	40	100	7	793	0
542	2	攻击神兵	41	105	7	803	0
543	2	攻击神兵	42	105	7	812	0
544	2	攻击神兵	43	110	7	822	0
545	2	攻击神兵	44	110	7	832	0
546	2	攻击神兵	45	115	7	842	0
547	2	攻击神兵	46	115	7	852	0
548	2	攻击神兵	47	115	7	862	0
549	2	攻击神兵	48	120	7	872	0
550	2	攻击神兵	49	125	7	882	0
551	2	攻击神兵	50	125	7	892	0
552	2	攻击神兵	51	130	7	903	0
553	2	攻击神兵	52	130	7	913	0
554	2	攻击神兵	53	130	7	923	0
555	2	攻击神兵	54	135	7	934	0
556	2	攻击神兵	55	140	7	944	0
557	2	攻击神兵	56	140	7	955	0
558	2	攻击神兵	57	140	7	965	0
559	2	攻击神兵	58	145	7	976	0
560	2	攻击神兵	59	150	7	986	0
561	2	攻击神兵	60	150	7	997	0
562	2	攻击神兵	61	150	7	1008	0
563	2	攻击神兵	62	160	7	1019	0
564	2	攻击神兵	63	160	7	1030	0
565	2	攻击神兵	64	160	7	1041	0
566	2	攻击神兵	65	165	7	1052	0
567	2	攻击神兵	66	165	7	1063	0
568	2	攻击神兵	67	175	7	1074	0
569	2	攻击神兵	68	175	7	1085	0
570	2	攻击神兵	69	180	7	1097	0
571	2	攻击神兵	70	180	7	1108	0
572	2	攻击神兵	71	180	7	1119	0
573	2	攻击神兵	72	190	7	1131	0
574	2	攻击神兵	73	190	7	1142	0
575	2	攻击神兵	74	190	7	1154	0
576	2	攻击神兵	75	195	7	1165	0
577	2	攻击神兵	76	200	7	1177	0
578	2	攻击神兵	77	205	7	1189	0
579	2	攻击神兵	78	205	7	1201	0
580	2	攻击神兵	79	210	7	1213	0
581	2	攻击神兵	80	215	7	1224	0
582	2	攻击神兵	81	215	7	1236	0
583	2	攻击神兵	82	220	7	1249	0
584	2	攻击神兵	83	225	7	1261	0
585	2	攻击神兵	84	230	7	1273	0
586	2	攻击神兵	85	230	7	1285	0
587	2	攻击神兵	86	235	7	1297	0
588	2	攻击神兵	87	240	7	1310	0
589	2	攻击神兵	88	245	7	1322	0
590	2	攻击神兵	89	245	7	1335	0
591	2	攻击神兵	90	250	7	1347	0
592	2	攻击神兵	91	255	7	1360	0
593	2	攻击神兵	92	260	7	1373	0
594	2	攻击神兵	93	265	7	1386	0
595	2	攻击神兵	94	265	7	1398	0
596	2	攻击神兵	95	275	7	1411	0
597	2	攻击神兵	96	275	7	1424	0
598	2	攻击神兵	97	280	7	1437	0
599	2	攻击神兵	98	285	7	1450	0
600	2	攻击神兵	99	290	7	1464	0
601	2	攻击神兵	100	290	7	1477	0
602	2	攻击神兵	101	300	7	1490	0
603	2	攻击神兵	102	300	7	1504	0
604	2	攻击神兵	103	310	7	1517	0
605	2	攻击神兵	104	310	7	1531	0
606	2	攻击神兵	105	320	7	1544	0
607	2	攻击神兵	106	320	7	1558	0
608	2	攻击神兵	107	325	7	1572	0
609	2	攻击神兵	108	330	7	1585	0
610	2	攻击神兵	109	340	7	1599	0
611	2	攻击神兵	110	340	7	1613	0
612	2	攻击神兵	111	345	7	1627	0
613	2	攻击神兵	112	350	7	1641	0
614	2	攻击神兵	113	360	7	1656	0
615	2	攻击神兵	114	360	7	1670	0
616	2	攻击神兵	115	365	7	1684	0
617	2	攻击神兵	116	375	7	1699	0
618	2	攻击神兵	117	375	7	1713	0
619	2	攻击神兵	118	385	7	1728	0
620	2	攻击神兵	119	390	7	1742	0
621	2	攻击神兵	120	395	7	1757	0
622	2	攻击神兵	121	400	7	1772	0
623	2	攻击神兵	122	405	7	1787	0
624	2	攻击神兵	123	410	7	1801	0
625	2	攻击神兵	124	420	7	1816	0
626	2	攻击神兵	125	420	7	1832	0
627	2	攻击神兵	126	430	7	1847	0
628	2	攻击神兵	127	435	7	1862	0
629	2	攻击神兵	128	445	7	1877	0
630	2	攻击神兵	129	445	7	1893	0
631	2	攻击神兵	130	455	7	1908	0
632	2	攻击神兵	131	460	7	1924	0
633	2	攻击神兵	132	465	7	1939	0
634	2	攻击神兵	133	475	7	1955	0
635	2	攻击神兵	134	480	7	1971	0
636	2	攻击神兵	135	485	7	1986	0
637	2	攻击神兵	136	495	7	2002	0
638	2	攻击神兵	137	500	7	2018	0
639	2	攻击神兵	138	505	7	2035	0
640	2	攻击神兵	139	515	7	2051	0
641	2	攻击神兵	140	520	7	2067	0
642	2	攻击神兵	141	525	7	2083	0
643	2	攻击神兵	142	535	7	2100	0
644	2	攻击神兵	143	540	7	2116	0
645	2	攻击神兵	144	550	7	2133	0
646	2	攻击神兵	145	555	7	2149	0
647	2	攻击神兵	146	565	7	2166	0
648	2	攻击神兵	147	570	7	2183	0
649	2	攻击神兵	148	580	7	2200	0
650	2	攻击神兵	149	585	7	2217	0
651	2	攻击神兵	150	595	7	2234	0
652	2	攻击神兵	151	600	7	2251	0
653	2	攻击神兵	152	610	7	2268	0
654	2	攻击神兵	153	615	7	2286	0
655	2	攻击神兵	154	630	7	2303	0
656	2	攻击神兵	155	630	7	2320	0
657	2	攻击神兵	156	645	7	2338	0
658	2	攻击神兵	157	650	7	2356	0
659	2	攻击神兵	158	655	7	2373	0
660	2	攻击神兵	159	670	7	2391	0
661	2	攻击神兵	160	675	7	2409	0
662	2	攻击神兵	161	680	7	2427	0
663	2	攻击神兵	162	695	7	2445	0
664	2	攻击神兵	163	700	7	2463	0
665	2	攻击神兵	164	710	7	2482	0
666	2	攻击神兵	165	720	7	2500	0
667	2	攻击神兵	166	730	7	2518	0
668	2	攻击神兵	167	735	7	2537	0
669	2	攻击神兵	168	750	7	2556	0
670	2	攻击神兵	169	755	7	2574	0
671	2	攻击神兵	170	765	7	2593	0
672	2	攻击神兵	171	775	7	2612	0
673	2	攻击神兵	172	785	7	2631	0
674	2	攻击神兵	173	790	7	2650	0
675	2	攻击神兵	174	805	7	2669	0
676	2	攻击神兵	175	815	7	2688	0
677	2	攻击神兵	176	825	7	2708	0
678	2	攻击神兵	177	830	7	2727	0
679	2	攻击神兵	178	845	7	2747	0
680	2	攻击神兵	179	855	7	2766	0
681	2	攻击神兵	180	865	7	2786	0
682	2	攻击神兵	181	875	7	2806	0
683	2	攻击神兵	182	885	7	2826	0
684	2	攻击神兵	183	895	7	2846	0
685	2	攻击神兵	184	910	7	2866	0
686	2	攻击神兵	185	915	7	2886	0
687	2	攻击神兵	186	930	7	2906	0
688	2	攻击神兵	187	940	7	2927	0
689	2	攻击神兵	188	950	7	2947	0
690	2	攻击神兵	189	965	7	2968	0
691	2	攻击神兵	190	970	7	2988	0
692	2	攻击神兵	191	985	7	3009	0
693	2	攻击神兵	192	1000	7	3030	0
694	2	攻击神兵	193	1005	7	3051	0
695	2	攻击神兵	194	1020	7	3072	0
696	2	攻击神兵	195	1035	7	3093	0
697	2	攻击神兵	196	1040	7	3114	0
698	2	攻击神兵	197	1060	7	3135	0
699	2	攻击神兵	198	1065	7	3157	0
700	2	攻击神兵	199	1080	7	3178	0
701	2	攻击神兵	200	1095	7	3200	0
702	2	攻击神兵	201	1105	7	3222	0
703	2	攻击神兵	202	1120	7	3244	0
704	2	攻击神兵	203	1130	7	3265	0
705	2	攻击神兵	204	1145	7	3287	0
706	2	攻击神兵	205	1155	7	3310	0
707	2	攻击神兵	206	1170	7	3332	0
708	2	攻击神兵	207	1185	7	3354	0
709	2	攻击神兵	208	1195	7	3376	0
710	2	攻击神兵	209	1210	7	3399	0
711	2	攻击神兵	210	1225	7	3422	0
712	2	攻击神兵	211	1240	7	3444	0
713	2	攻击神兵	212	1250	7	3467	0
714	2	攻击神兵	213	1265	7	3490	0
715	2	攻击神兵	214	1280	7	3513	0
716	2	攻击神兵	215	1295	7	3536	0
717	2	攻击神兵	216	1305	7	3559	0
718	2	攻击神兵	217	1325	7	3583	0
719	2	攻击神兵	218	1335	7	3606	0
720	2	攻击神兵	219	1355	7	3630	0
721	2	攻击神兵	220	1365	7	3653	0
722	2	攻击神兵	221	1380	7	3677	0
723	2	攻击神兵	222	1400	7	3701	0
724	2	攻击神兵	223	1410	7	3725	0
725	2	攻击神兵	224	1430	7	3749	0
726	2	攻击神兵	225	1440	7	3773	0
727	2	攻击神兵	226	1460	7	3797	0
728	2	攻击神兵	227	1475	7	3822	0
729	2	攻击神兵	228	1490	7	3846	0
730	2	攻击神兵	229	1505	7	3871	0
731	2	攻击神兵	230	1525	7	3896	0
732	2	攻击神兵	231	1535	7	3920	0
733	2	攻击神兵	232	1560	7	3945	0
734	2	攻击神兵	233	1570	7	3970	0
735	2	攻击神兵	234	1590	7	3995	0
736	2	攻击神兵	235	1605	7	4021	0
737	2	攻击神兵	236	1620	7	4046	0
738	2	攻击神兵	237	1640	7	4071	0
739	2	攻击神兵	238	1655	7	4097	0
740	2	攻击神兵	239	1675	7	4123	0
741	2	攻击神兵	240	1690	7	4148	0
742	2	攻击神兵	241	1710	7	4174	0
743	2	攻击神兵	242	1730	7	4200	0
744	2	攻击神兵	243	1745	7	4226	0
745	2	攻击神兵	244	1765	7	4253	0
746	2	攻击神兵	245	1780	7	4279	0
747	2	攻击神兵	246	1800	7	4305	0
748	2	攻击神兵	247	1820	7	4332	0
749	2	攻击神兵	248	1835	7	4359	0
750	2	攻击神兵	249	1855	7	4385	0
751	2	攻击神兵	250	1880	7	4412	0
752	2	攻击神兵	251	1890	7	4439	0
753	2	攻击神兵	252	1915	7	4466	0
754	2	攻击神兵	253	1935	7	4494	0
755	2	攻击神兵	254	1955	7	4521	0
756	2	攻击神兵	255	1970	7	4549	0
757	2	攻击神兵	256	1995	7	4576	0
758	2	攻击神兵	257	2010	7	4604	0
759	2	攻击神兵	258	2035	7	4632	0
760	2	攻击神兵	259	2055	7	4660	0
761	2	攻击神兵	260	2075	7	4688	0
762	2	攻击神兵	261	2095	7	4716	0
763	2	攻击神兵	262	2115	7	4744	0
764	2	攻击神兵	263	2135	7	4772	0
765	2	攻击神兵	264	2160	7	4801	0
766	2	攻击神兵	265	2180	7	4830	0
767	2	攻击神兵	266	2200	7	4858	0
768	2	攻击神兵	267	2225	7	4887	0
769	2	攻击神兵	268	2245	7	4916	0
770	2	攻击神兵	269	2270	7	4945	0
771	2	攻击神兵	270	2285	7	4974	0
772	2	攻击神兵	271	2315	7	5004	0
773	2	攻击神兵	272	2335	7	5033	0
774	2	攻击神兵	273	2355	7	5063	0
775	2	攻击神兵	274	2380	7	5093	0
776	2	攻击神兵	275	2405	7	5122	0
777	2	攻击神兵	276	2425	7	5152	0
778	2	攻击神兵	277	2455	7	5182	0
779	2	攻击神兵	278	2470	7	5213	0
780	2	攻击神兵	279	2500	7	5243	0
781	2	攻击神兵	280	2520	7	5273	0
782	2	攻击神兵	281	2545	7	5304	0
783	2	攻击神兵	282	2575	7	5334	0
784	2	攻击神兵	283	2595	7	5365	0
785	2	攻击神兵	284	2620	7	5396	0
786	2	攻击神兵	285	2640	7	5427	0
787	2	攻击神兵	286	2670	7	5458	0
788	2	攻击神兵	287	2695	7	5490	0
789	2	攻击神兵	288	2725	7	5521	0
790	2	攻击神兵	289	2745	7	5553	0
791	2	攻击神兵	290	2770	7	5584	0
792	2	攻击神兵	291	2800	7	5616	0
793	2	攻击神兵	292	2825	7	5648	0
794	2	攻击神兵	293	2850	7	5680	0
795	2	攻击神兵	294	2880	7	5712	0
796	2	攻击神兵	295	2905	7	5744	0
797	2	攻击神兵	296	2930	7	5777	0
798	2	攻击神兵	297	2960	7	5809	0
799	2	攻击神兵	298	2985	7	5842	0
800	2	攻击神兵	299	3015	7	5875	0
801	2	攻击神兵	300	3040	7	5908	0
802	2	攻击神兵	301	3070	7	5941	0
803	2	攻击神兵	302	3095	7	5974	0
804	2	攻击神兵	303	3130	7	6007	0
805	2	攻击神兵	304	3150	7	6041	0
806	2	攻击神兵	305	3185	7	6074	0
807	2	攻击神兵	306	3215	7	6108	0
808	2	攻击神兵	307	3240	7	6142	0
809	2	攻击神兵	308	3270	7	6176	0
810	2	攻击神兵	309	3305	7	6210	0
811	2	攻击神兵	310	3330	7	6244	0
812	2	攻击神兵	311	3360	7	6278	0
813	2	攻击神兵	312	3390	7	6313	0
814	2	攻击神兵	313	3425	7	6347	0
815	2	攻击神兵	314	3450	7	6382	0
816	2	攻击神兵	315	3485	7	6417	0
817	2	攻击神兵	316	3515	7	6452	0
818	2	攻击神兵	317	3545	7	6487	0
819	2	攻击神兵	318	3575	7	6522	0
820	2	攻击神兵	319	3610	7	6558	0
821	2	攻击神兵	320	3640	7	6593	0
822	2	攻击神兵	321	3675	7	6629	0
823	2	攻击神兵	322	3705	7	6665	0
824	2	攻击神兵	323	3740	7	6701	0
825	2	攻击神兵	324	3770	7	6737	0
826	2	攻击神兵	325	3805	7	6773	0
827	2	攻击神兵	326	3840	7	6809	0
828	2	攻击神兵	327	3870	7	6846	0
829	2	攻击神兵	328	3905	7	6883	0
830	2	攻击神兵	329	3940	7	6919	0
831	2	攻击神兵	330	3975	7	6956	0
832	2	攻击神兵	331	4005	7	6993	0
833	2	攻击神兵	332	4045	7	7030	0
834	2	攻击神兵	333	4075	7	7068	0
835	2	攻击神兵	334	4115	7	7105	0
836	2	攻击神兵	335	4150	7	7143	0
837	2	攻击神兵	336	4180	7	7180	0
838	2	攻击神兵	337	4220	7	7218	0
839	2	攻击神兵	338	4260	7	7256	0
840	2	攻击神兵	339	4290	7	7294	0
841	2	攻击神兵	340	4330	7	7333	0
842	2	攻击神兵	341	4365	7	7371	0
843	2	攻击神兵	342	4405	7	7410	0
844	2	攻击神兵	343	4440	7	7448	0
845	2	攻击神兵	344	4480	7	7487	0
846	2	攻击神兵	345	4515	7	7526	0
847	2	攻击神兵	346	4555	7	7565	0
848	2	攻击神兵	347	4590	7	7604	0
849	2	攻击神兵	348	4630	7	7644	0
850	2	攻击神兵	349	4670	7	7683	0
851	2	攻击神兵	350	4710	7	7723	0
852	2	攻击神兵	351	4750	7	7763	0
853	2	攻击神兵	352	4785	7	7803	0
854	2	攻击神兵	353	4830	7	7843	0
855	2	攻击神兵	354	4865	7	7883	0
856	2	攻击神兵	355	4910	7	7924	0
857	2	攻击神兵	356	4950	7	7964	0
858	2	攻击神兵	357	4990	7	8005	0
859	2	攻击神兵	358	5030	7	8046	0
860	2	攻击神兵	359	5070	7	8087	0
861	2	攻击神兵	360	5115	7	8128	0
862	2	攻击神兵	361	5155	7	8169	0
863	2	攻击神兵	362	5200	7	8211	0
864	2	攻击神兵	363	5240	7	8252	0
865	2	攻击神兵	364	5285	7	8294	0
866	2	攻击神兵	365	5325	7	8336	0
867	2	攻击神兵	366	5370	7	8378	0
868	2	攻击神兵	367	5415	7	8420	0
869	2	攻击神兵	368	5455	7	8462	0
870	2	攻击神兵	369	5505	7	8505	0
871	2	攻击神兵	370	5545	7	8547	0
872	2	攻击神兵	371	5590	7	8590	0
873	2	攻击神兵	372	5635	7	8633	0
874	2	攻击神兵	373	5680	7	8676	0
875	2	攻击神兵	374	5725	7	8719	0
876	2	攻击神兵	375	5770	7	8762	0
877	2	攻击神兵	376	5820	7	8806	0
878	2	攻击神兵	377	5865	7	8849	0
879	2	攻击神兵	378	5910	7	8893	0
880	2	攻击神兵	379	5960	7	8937	0
881	2	攻击神兵	380	6005	7	8981	0
882	2	攻击神兵	381	6050	7	9026	0
883	2	攻击神兵	382	6100	7	9070	0
884	2	攻击神兵	383	6150	7	9115	0
885	2	攻击神兵	384	6195	7	9159	0
886	2	攻击神兵	385	6245	7	9204	0
887	2	攻击神兵	386	6295	7	9249	0
888	2	攻击神兵	387	6345	7	9294	0
889	2	攻击神兵	388	6395	7	9340	0
890	2	攻击神兵	389	6440	7	9385	0
891	2	攻击神兵	390	6495	7	9431	0
892	2	攻击神兵	391	6545	7	9476	0
893	2	攻击神兵	392	6595	7	9522	0
894	2	攻击神兵	393	6645	7	9568	0
895	2	攻击神兵	394	6695	7	9615	0
896	2	攻击神兵	395	6750	7	9661	0
897	2	攻击神兵	396	6800	7	9708	0
898	2	攻击神兵	397	6850	7	9754	0
899	2	攻击神兵	398	6910	7	9801	0
900	2	攻击神兵	399	6955	7	9848	0
901	2	攻击神兵	400	0	7	9895	0
1001	3	暴击神兵	0	1115	0	0	0
1002	3	暴击神兵	1	35	12|13	300|9039	0
1003	3	暴击神兵	2	40	12|13	300|9107	0
1004	3	暴击神兵	3	40	12|13	300|9173	0
1005	3	暴击神兵	4	45	12|13	300|9239	0
1006	3	暴击神兵	5	40	12|13	300|9304	0
1007	3	暴击神兵	6	45	12|13	324|9368	0
1008	3	暴击神兵	7	45	12|13	324|9431	0
1009	3	暴击神兵	8	45	12|13	324|9494	0
1010	3	暴击神兵	9	50	12|13	324|9556	0
1011	3	暴击神兵	10	50	12|13	324|9618	0
1012	3	暴击神兵	11	50	12|13	324|9679	0
1013	3	暴击神兵	12	55	12|13	348|9739	0
1014	3	暴击神兵	13	55	12|13	348|9799	0
1015	3	暴击神兵	14	55	12|13	348|9859	0
1016	3	暴击神兵	15	55	12|13	348|9917	0
1017	3	暴击神兵	16	60	12|13	348|9976	0
1018	3	暴击神兵	17	60	12|13	348|10034	0
1019	3	暴击神兵	18	60	12|13	372|10091	0
1020	3	暴击神兵	19	65	12|13	372|10148	0
1021	3	暴击神兵	20	65	12|13	372|10204	0
1022	3	暴击神兵	21	65	12|13	372|10261	0
1023	3	暴击神兵	22	65	12|13	372|10316	0
1024	3	暴击神兵	23	70	12|13	372|10372	0
1025	3	暴击神兵	24	75	12|13	396|10427	0
1026	3	暴击神兵	25	70	12|13	396|10482	0
1027	3	暴击神兵	26	75	12|13	396|10536	0
1028	3	暴击神兵	27	75	12|13	396|10590	0
1029	3	暴击神兵	28	80	12|13	396|10644	0
1030	3	暴击神兵	29	80	12|13	396|10697	0
1031	3	暴击神兵	30	85	12|13	420|10750	0
1032	3	暴击神兵	31	80	12|13	420|10803	0
1033	3	暴击神兵	32	90	12|13	420|10856	0
1034	3	暴击神兵	33	85	12|13	420|10908	0
1035	3	暴击神兵	34	90	12|13	420|10960	0
1036	3	暴击神兵	35	90	12|13	420|11012	0
1037	3	暴击神兵	36	95	12|13	444|11064	0
1038	3	暴击神兵	37	95	12|13	444|11115	0
1039	3	暴击神兵	38	100	12|13	444|11167	0
1040	3	暴击神兵	39	100	12|13	444|11218	0
1041	3	暴击神兵	40	100	12|13	444|11268	0
1042	3	暴击神兵	41	105	12|13	444|11319	0
1043	3	暴击神兵	42	105	12|13	468|11370	0
1044	3	暴击神兵	43	110	12|13	468|11420	0
1045	3	暴击神兵	44	110	12|13	468|11470	0
1046	3	暴击神兵	45	115	12|13	468|11520	0
1047	3	暴击神兵	46	115	12|13	468|11570	0
1048	3	暴击神兵	47	115	12|13	468|11620	0
1049	3	暴击神兵	48	120	12|13	492|11670	0
1050	3	暴击神兵	49	125	12|13	492|11719	0
1051	3	暴击神兵	50	120	12|13	492|11768	0
1052	3	暴击神兵	51	130	12|13	492|11818	0
1053	3	暴击神兵	52	130	12|13	492|11867	0
1054	3	暴击神兵	53	130	12|13	492|11916	0
1055	3	暴击神兵	54	135	12|13	516|11965	0
1056	3	暴击神兵	55	140	12|13	516|12014	0
1057	3	暴击神兵	56	140	12|13	516|12062	0
1058	3	暴击神兵	57	140	12|13	516|12111	0
1059	3	暴击神兵	58	145	12|13	516|12160	0
1060	3	暴击神兵	59	150	12|13	516|12208	0
1061	3	暴击神兵	60	150	12|13	540|12257	0
1062	3	暴击神兵	61	150	12|13	540|12305	0
1063	3	暴击神兵	62	160	12|13	540|12353	0
1064	3	暴击神兵	63	160	12|13	540|12401	0
1065	3	暴击神兵	64	160	12|13	540|12450	0
1066	3	暴击神兵	65	165	12|13	540|12498	0
1067	3	暴击神兵	66	165	12|13	564|12546	0
1068	3	暴击神兵	67	175	12|13	564|12594	0
1069	3	暴击神兵	68	170	12|13	564|12642	0
1070	3	暴击神兵	69	180	12|13	564|12690	0
1071	3	暴击神兵	70	180	12|13	564|12738	0
1072	3	暴击神兵	71	180	12|13	564|12786	0
1073	3	暴击神兵	72	190	12|13	588|12833	0
1074	3	暴击神兵	73	190	12|13	588|12881	0
1075	3	暴击神兵	74	190	12|13	588|12929	0
1076	3	暴击神兵	75	195	12|13	588|12977	48000
1077	3	暴击神兵	76	200	12|13	588|13025	0
1078	3	暴击神兵	77	205	12|13	588|13072	0
1079	3	暴击神兵	78	205	12|13	612|13120	0
1080	3	暴击神兵	79	210	12|13	612|13168	0
1081	3	暴击神兵	80	215	12|13	612|13216	0
1082	3	暴击神兵	81	215	12|13	612|13263	0
1083	3	暴击神兵	82	220	12|13	612|13311	0
1084	3	暴击神兵	83	225	12|13	612|13359	0
1085	3	暴击神兵	84	230	12|13	636|13407	0
1086	3	暴击神兵	85	230	12|13	636|13454	0
1087	3	暴击神兵	86	235	12|13	636|13502	0
1088	3	暴击神兵	87	240	12|13	636|13550	0
1089	3	暴击神兵	88	245	12|13	636|13597	0
1090	3	暴击神兵	89	245	12|13	636|13645	0
1091	3	暴击神兵	90	250	12|13	660|13693	0
1092	3	暴击神兵	91	255	12|13	660|13741	0
1093	3	暴击神兵	92	260	12|13	660|13789	0
1094	3	暴击神兵	93	265	12|13	660|13836	0
1095	3	暴击神兵	94	265	12|13	660|13884	0
1096	3	暴击神兵	95	275	12|13	660|13932	0
1097	3	暴击神兵	96	275	12|13	684|13980	0
1098	3	暴击神兵	97	280	12|13	684|14028	0
1099	3	暴击神兵	98	285	12|13	684|14076	0
1100	3	暴击神兵	99	290	12|13	684|14124	0
1101	3	暴击神兵	100	290	12|13	684|14172	0
1102	3	暴击神兵	101	300	12|13	684|14220	0
1103	3	暴击神兵	102	300	12|13	708|14268	0
1104	3	暴击神兵	103	310	12|13	708|14316	0
1105	3	暴击神兵	104	310	12|13	708|14365	0
1106	3	暴击神兵	105	320	12|13	708|14413	0
1107	3	暴击神兵	106	320	12|13	708|14461	0
1108	3	暴击神兵	107	325	12|13	708|14509	0
1109	3	暴击神兵	108	330	12|13	732|14558	0
1110	3	暴击神兵	109	340	12|13	732|14606	0
1111	3	暴击神兵	110	340	12|13	732|14654	0
1112	3	暴击神兵	111	345	12|13	732|14703	0
1113	3	暴击神兵	112	350	12|13	732|14751	0
1114	3	暴击神兵	113	360	12|13	732|14800	0
1115	3	暴击神兵	114	360	12|13	756|14849	0
1116	3	暴击神兵	115	365	12|13	756|14897	0
1117	3	暴击神兵	116	375	12|13	756|14946	0
1118	3	暴击神兵	117	375	12|13	756|14995	0
1119	3	暴击神兵	118	385	12|13	756|15044	0
1120	3	暴击神兵	119	390	12|13	756|15093	0
1121	3	暴击神兵	120	395	12|13	780|15142	0
1122	3	暴击神兵	121	400	12|13	780|15191	0
1123	3	暴击神兵	122	405	12|13	780|15240	0
1124	3	暴击神兵	123	410	12|13	780|15289	0
1125	3	暴击神兵	124	420	12|13	780|15338	0
1126	3	暴击神兵	125	420	12|13	780|15387	0
1127	3	暴击神兵	126	430	12|13	804|15437	0
1128	3	暴击神兵	127	435	12|13	804|15486	0
1129	3	暴击神兵	128	445	12|13	804|15535	0
1130	3	暴击神兵	129	445	12|13	804|15585	0
1131	3	暴击神兵	130	455	12|13	804|15635	0
1132	3	暴击神兵	131	460	12|13	804|15684	0
1133	3	暴击神兵	132	465	12|13	828|15734	0
1134	3	暴击神兵	133	475	12|13	828|15784	0
1135	3	暴击神兵	134	480	12|13	828|15834	0
1136	3	暴击神兵	135	485	12|13	828|15884	0
1137	3	暴击神兵	136	495	12|13	828|15934	0
1138	3	暴击神兵	137	500	12|13	828|15984	0
1139	3	暴击神兵	138	505	12|13	852|16034	0
1140	3	暴击神兵	139	515	12|13	852|16084	0
1141	3	暴击神兵	140	520	12|13	852|16134	0
1142	3	暴击神兵	141	525	12|13	852|16185	0
1143	3	暴击神兵	142	535	12|13	852|16235	0
1144	3	暴击神兵	143	540	12|13	852|16286	0
1145	3	暴击神兵	144	550	12|13	876|16336	0
1146	3	暴击神兵	145	555	12|13	876|16387	0
1147	3	暴击神兵	146	565	12|13	876|16438	0
1148	3	暴击神兵	147	570	12|13	876|16489	0
1149	3	暴击神兵	148	580	12|13	876|16539	0
1150	3	暴击神兵	149	585	12|13	876|16590	0
1151	3	暴击神兵	150	595	12|13	900|16642	48010
1152	3	暴击神兵	151	600	12|13	900|16693	0
1153	3	暴击神兵	152	610	12|13	900|16744	0
1154	3	暴击神兵	153	615	12|13	900|16795	0
1155	3	暴击神兵	154	630	12|13	900|16847	0
1156	3	暴击神兵	155	630	12|13	900|16898	0
1157	3	暴击神兵	156	645	12|13	924|16950	0
1158	3	暴击神兵	157	650	12|13	924|17001	0
1159	3	暴击神兵	158	655	12|13	924|17053	0
1160	3	暴击神兵	159	670	12|13	924|17105	0
1161	3	暴击神兵	160	675	12|13	924|17157	0
1162	3	暴击神兵	161	680	12|13	924|17209	0
1163	3	暴击神兵	162	695	12|13	948|17261	0
1164	3	暴击神兵	163	700	12|13	948|17313	0
1165	3	暴击神兵	164	710	12|13	948|17365	0
1166	3	暴击神兵	165	720	12|13	948|17418	0
1167	3	暴击神兵	166	730	12|13	948|17470	0
1168	3	暴击神兵	167	735	12|13	948|17523	0
1169	3	暴击神兵	168	750	12|13	972|17575	0
1170	3	暴击神兵	169	755	12|13	972|17628	0
1171	3	暴击神兵	170	765	12|13	972|17681	0
1172	3	暴击神兵	171	775	12|13	972|17734	0
1173	3	暴击神兵	172	785	12|13	972|17787	0
1174	3	暴击神兵	173	790	12|13	972|17840	0
1175	3	暴击神兵	174	805	12|13	996|17893	0
1176	3	暴击神兵	175	815	12|13	996|17946	0
1177	3	暴击神兵	176	825	12|13	996|18000	0
1178	3	暴击神兵	177	830	12|13	996|18053	0
1179	3	暴击神兵	178	845	12|13	996|18107	0
1180	3	暴击神兵	179	855	12|13	996|18160	0
1181	3	暴击神兵	180	865	12|13	1020|18214	0
1182	3	暴击神兵	181	875	12|13	1020|18268	0
1183	3	暴击神兵	182	885	12|13	1020|18322	0
1184	3	暴击神兵	183	895	12|13	1020|18376	0
1185	3	暴击神兵	184	910	12|13	1020|18430	0
1186	3	暴击神兵	185	915	12|13	1020|18484	0
1187	3	暴击神兵	186	930	12|13	1044|18539	0
1188	3	暴击神兵	187	940	12|13	1044|18593	0
1189	3	暴击神兵	188	950	12|13	1044|18647	0
1190	3	暴击神兵	189	965	12|13	1044|18702	0
1191	3	暴击神兵	190	970	12|13	1044|18757	0
1192	3	暴击神兵	191	985	12|13	1044|18812	0
1193	3	暴击神兵	192	1000	12|13	1068|18866	0
1194	3	暴击神兵	193	1005	12|13	1068|18921	0
1195	3	暴击神兵	194	1020	12|13	1068|18977	0
1196	3	暴击神兵	195	1035	12|13	1068|19032	0
1197	3	暴击神兵	196	1040	12|13	1068|19087	0
1198	3	暴击神兵	197	1060	12|13	1068|19142	0
1199	3	暴击神兵	198	1065	12|13	1092|19198	0
1200	3	暴击神兵	199	1080	12|13	1092|19254	0
1201	3	暴击神兵	200	1095	12|13	1092|19309	0
1202	3	暴击神兵	201	1105	12|13	1092|19365	0
1203	3	暴击神兵	202	1120	12|13	1092|19421	0
1204	3	暴击神兵	203	1130	12|13	1092|19477	0
1205	3	暴击神兵	204	1145	12|13	1116|19533	0
1206	3	暴击神兵	205	1155	12|13	1116|19589	0
1207	3	暴击神兵	206	1170	12|13	1116|19646	0
1208	3	暴击神兵	207	1185	12|13	1116|19702	0
1209	3	暴击神兵	208	1195	12|13	1116|19759	0
1210	3	暴击神兵	209	1210	12|13	1116|19815	0
1211	3	暴击神兵	210	1225	12|13	1140|19872	0
1212	3	暴击神兵	211	1240	12|13	1140|19929	0
1213	3	暴击神兵	212	1250	12|13	1140|19986	0
1214	3	暴击神兵	213	1265	12|13	1140|20043	0
1215	3	暴击神兵	214	1280	12|13	1140|20100	0
1216	3	暴击神兵	215	1295	12|13	1140|20157	0
1217	3	暴击神兵	216	1305	12|13	1164|20214	0
1218	3	暴击神兵	217	1325	12|13	1164|20272	0
1219	3	暴击神兵	218	1335	12|13	1164|20329	0
1220	3	暴击神兵	219	1355	12|13	1164|20387	0
1221	3	暴击神兵	220	1365	12|13	1164|20445	0
1222	3	暴击神兵	221	1380	12|13	1164|20503	0
1223	3	暴击神兵	222	1400	12|13	1188|20561	0
1224	3	暴击神兵	223	1410	12|13	1188|20619	0
1225	3	暴击神兵	224	1430	12|13	1188|20677	0
1226	3	暴击神兵	225	1440	12|13	1188|20735	48020
1227	3	暴击神兵	226	1460	12|13	1188|20794	0
1228	3	暴击神兵	227	1475	12|13	1188|20852	0
1229	3	暴击神兵	228	1490	12|13	1212|20911	0
1230	3	暴击神兵	229	1505	12|13	1212|20969	0
1231	3	暴击神兵	230	1525	12|13	1212|21028	0
1232	3	暴击神兵	231	1535	12|13	1212|21087	0
1233	3	暴击神兵	232	1560	12|13	1212|21146	0
1234	3	暴击神兵	233	1570	12|13	1212|21205	0
1235	3	暴击神兵	234	1590	12|13	1236|21265	0
1236	3	暴击神兵	235	1605	12|13	1236|21324	0
1237	3	暴击神兵	236	1620	12|13	1236|21384	0
1238	3	暴击神兵	237	1640	12|13	1236|21443	0
1239	3	暴击神兵	238	1655	12|13	1236|21503	0
1240	3	暴击神兵	239	1675	12|13	1236|21563	0
1241	3	暴击神兵	240	1690	12|13	1260|21623	0
1242	3	暴击神兵	241	1710	12|13	1260|21683	0
1243	3	暴击神兵	242	1730	12|13	1260|21743	0
1244	3	暴击神兵	243	1745	12|13	1260|21803	0
1245	3	暴击神兵	244	1765	12|13	1260|21863	0
1246	3	暴击神兵	245	1780	12|13	1260|21924	0
1247	3	暴击神兵	246	1800	12|13	1284|21984	0
1248	3	暴击神兵	247	1820	12|13	1284|22045	0
1249	3	暴击神兵	248	1835	12|13	1284|22106	0
1250	3	暴击神兵	249	1855	12|13	1284|22167	0
1251	3	暴击神兵	250	1880	12|13	1284|22228	0
1252	3	暴击神兵	251	1890	12|13	1284|22289	0
1253	3	暴击神兵	252	1915	12|13	1308|22350	0
1254	3	暴击神兵	253	1935	12|13	1308|22411	0
1255	3	暴击神兵	254	1955	12|13	1308|22473	0
1256	3	暴击神兵	255	1970	12|13	1308|22534	0
1257	3	暴击神兵	256	1995	12|13	1308|22596	0
1258	3	暴击神兵	257	2010	12|13	1308|22658	0
1259	3	暴击神兵	258	2035	12|13	1332|22720	0
1260	3	暴击神兵	259	2055	12|13	1332|22782	0
1261	3	暴击神兵	260	2075	12|13	1332|22844	0
1262	3	暴击神兵	261	2095	12|13	1332|22906	0
1263	3	暴击神兵	262	2115	12|13	1332|22968	0
1264	3	暴击神兵	263	2135	12|13	1332|23031	0
1265	3	暴击神兵	264	2160	12|13	1356|23093	0
1266	3	暴击神兵	265	2180	12|13	1356|23156	0
1267	3	暴击神兵	266	2200	12|13	1356|23219	0
1268	3	暴击神兵	267	2225	12|13	1356|23282	0
1269	3	暴击神兵	268	2245	12|13	1356|23345	0
1270	3	暴击神兵	269	2270	12|13	1356|23408	0
1271	3	暴击神兵	270	2285	12|13	1380|23471	0
1272	3	暴击神兵	271	2315	12|13	1380|23535	0
1273	3	暴击神兵	272	2335	12|13	1380|23598	0
1274	3	暴击神兵	273	2355	12|13	1380|23662	0
1275	3	暴击神兵	274	2380	12|13	1380|23725	0
1276	3	暴击神兵	275	2405	12|13	1380|23789	0
1277	3	暴击神兵	276	2425	12|13	1404|23853	0
1278	3	暴击神兵	277	2455	12|13	1404|23917	0
1279	3	暴击神兵	278	2470	12|13	1404|23981	0
1280	3	暴击神兵	279	2500	12|13	1404|24046	0
1281	3	暴击神兵	280	2520	12|13	1404|24110	0
1282	3	暴击神兵	281	2545	12|13	1404|24174	0
1283	3	暴击神兵	282	2575	12|13	1428|24239	0
1284	3	暴击神兵	283	2595	12|13	1428|24304	0
1285	3	暴击神兵	284	2620	12|13	1428|24369	0
1286	3	暴击神兵	285	2640	12|13	1428|24434	0
1287	3	暴击神兵	286	2670	12|13	1428|24499	0
1288	3	暴击神兵	287	2695	12|13	1428|24564	0
1289	3	暴击神兵	288	2725	12|13	1452|24629	0
1290	3	暴击神兵	289	2745	12|13	1452|24694	0
1291	3	暴击神兵	290	2770	12|13	1452|24760	0
1292	3	暴击神兵	291	2800	12|13	1452|24826	0
1293	3	暴击神兵	292	2825	12|13	1452|24891	0
1294	3	暴击神兵	293	2850	12|13	1452|24957	0
1295	3	暴击神兵	294	2880	12|13	1476|25023	0
1296	3	暴击神兵	295	2905	12|13	1476|25089	0
1297	3	暴击神兵	296	2930	12|13	1476|25156	0
1298	3	暴击神兵	297	2960	12|13	1476|25222	0
1299	3	暴击神兵	298	2985	12|13	1476|25288	0
1300	3	暴击神兵	299	3015	12|13	1476|25355	0
1301	3	暴击神兵	300	3040	12|13	1500|25422	48030
1302	3	暴击神兵	301	3070	12|13	1500|25555	0
1303	3	暴击神兵	302	3095	12|13	1500|25689	0
1304	3	暴击神兵	303	3130	12|13	1500|25824	0
1305	3	暴击神兵	304	3150	12|13	1500|25959	0
1306	3	暴击神兵	305	3185	12|13	1500|26095	0
1307	3	暴击神兵	306	3215	12|13	1500|26231	0
1308	3	暴击神兵	307	3240	12|13	1500|26367	0
1309	3	暴击神兵	308	3270	12|13	1500|26504	0
1310	3	暴击神兵	309	3305	12|13	1500|26642	0
1311	3	暴击神兵	310	3330	12|13	1500|26780	0
1312	3	暴击神兵	311	3360	12|13	1500|26918	0
1313	3	暴击神兵	312	3390	12|13	1500|27057	0
1314	3	暴击神兵	313	3425	12|13	1500|27196	0
1315	3	暴击神兵	314	3450	12|13	1500|27336	0
1316	3	暴击神兵	315	3485	12|13	1515|27477	0
1317	3	暴击神兵	316	3515	12|13	1515|27617	0
1318	3	暴击神兵	317	3545	12|13	1515|27759	0
1319	3	暴击神兵	318	3575	12|13	1515|27900	0
1320	3	暴击神兵	319	3610	12|13	1515|28043	0
1321	3	暴击神兵	320	3640	12|13	1515|28185	0
1322	3	暴击神兵	321	3675	12|13	1515|28329	0
1323	3	暴击神兵	322	3705	12|13	1515|28472	0
1324	3	暴击神兵	323	3740	12|13	1515|28617	0
1325	3	暴击神兵	324	3770	12|13	1515|28761	0
1326	3	暴击神兵	325	3805	12|13	1515|28906	0
1327	3	暴击神兵	326	3840	12|13	1515|29052	0
1328	3	暴击神兵	327	3870	12|13	1515|29198	0
1329	3	暴击神兵	328	3905	12|13	1515|29345	0
1330	3	暴击神兵	329	3940	12|13	1515|29492	0
1331	3	暴击神兵	330	3975	12|13	1530|29640	0
1332	3	暴击神兵	331	4005	12|13	1530|29788	0
1333	3	暴击神兵	332	4045	12|13	1530|29936	0
1334	3	暴击神兵	333	4075	12|13	1530|30086	0
1335	3	暴击神兵	334	4115	12|13	1530|30235	0
1336	3	暴击神兵	335	4150	12|13	1530|30385	0
1337	3	暴击神兵	336	4180	12|13	1530|30536	0
1338	3	暴击神兵	337	4220	12|13	1530|30687	0
1339	3	暴击神兵	338	4260	12|13	1530|30839	0
1340	3	暴击神兵	339	4290	12|13	1530|30991	0
1341	3	暴击神兵	340	4330	12|13	1530|31144	0
1342	3	暴击神兵	341	4365	12|13	1530|31297	0
1343	3	暴击神兵	342	4405	12|13	1530|31450	0
1344	3	暴击神兵	343	4440	12|13	1530|31604	0
1345	3	暴击神兵	344	4480	12|13	1530|31759	0
1346	3	暴击神兵	345	4515	12|13	1545|31914	0
1347	3	暴击神兵	346	4555	12|13	1545|32070	0
1348	3	暴击神兵	347	4590	12|13	1545|32226	0
1349	3	暴击神兵	348	4630	12|13	1545|32383	0
1350	3	暴击神兵	349	4670	12|13	1545|32540	0
1351	3	暴击神兵	350	4710	12|13	1545|32698	0
1352	3	暴击神兵	351	4750	12|13	1545|32856	0
1353	3	暴击神兵	352	4785	12|13	1545|33015	0
1354	3	暴击神兵	353	4830	12|13	1545|33174	0
1355	3	暴击神兵	354	4865	12|13	1545|33334	0
1356	3	暴击神兵	355	4910	12|13	1545|33494	0
1357	3	暴击神兵	356	4950	12|13	1545|33655	0
1358	3	暴击神兵	357	4990	12|13	1545|33817	0
1359	3	暴击神兵	358	5030	12|13	1545|33979	0
1360	3	暴击神兵	359	5070	12|13	1545|34141	0
1361	3	暴击神兵	360	5115	12|13	1560|34304	0
1362	3	暴击神兵	361	5155	12|13	1560|34467	0
1363	3	暴击神兵	362	5200	12|13	1560|34631	0
1364	3	暴击神兵	363	5240	12|13	1560|34796	0
1365	3	暴击神兵	364	5285	12|13	1560|34961	0
1366	3	暴击神兵	365	5325	12|13	1560|35126	0
1367	3	暴击神兵	366	5370	12|13	1560|35293	0
1368	3	暴击神兵	367	5415	12|13	1560|35459	0
1369	3	暴击神兵	368	5455	12|13	1560|35626	0
1370	3	暴击神兵	369	5505	12|13	1560|35794	0
1371	3	暴击神兵	370	5545	12|13	1560|35962	0
1372	3	暴击神兵	371	5590	12|13	1560|36131	0
1373	3	暴击神兵	372	5635	12|13	1560|36300	0
1374	3	暴击神兵	373	5680	12|13	1560|36470	0
1375	3	暴击神兵	374	5725	12|13	1560|36641	0
1376	3	暴击神兵	375	5770	12|13	1575|36812	0
1377	3	暴击神兵	376	5820	12|13	1575|36983	0
1378	3	暴击神兵	377	5865	12|13	1575|37155	0
1379	3	暴击神兵	378	5910	12|13	1575|37328	0
1380	3	暴击神兵	379	5960	12|13	1575|37501	0
1381	3	暴击神兵	380	6005	12|13	1575|37674	0
1382	3	暴击神兵	381	6050	12|13	1575|37849	0
1383	3	暴击神兵	382	6100	12|13	1575|38023	0
1384	3	暴击神兵	383	6150	12|13	1575|38199	0
1385	3	暴击神兵	384	6195	12|13	1575|38374	0
1386	3	暴击神兵	385	6245	12|13	1575|38551	0
1387	3	暴击神兵	386	6295	12|13	1575|38728	0
1388	3	暴击神兵	387	6345	12|13	1575|38905	0
1389	3	暴击神兵	388	6395	12|13	1575|39083	0
1390	3	暴击神兵	389	6440	12|13	1575|39262	0
1391	3	暴击神兵	390	6495	12|13	1590|39441	0
1392	3	暴击神兵	391	6545	12|13	1590|39621	0
1393	3	暴击神兵	392	6595	12|13	1590|39801	0
1394	3	暴击神兵	393	6645	12|13	1590|39982	0
1395	3	暴击神兵	394	6695	12|13	1590|40163	0
1396	3	暴击神兵	395	6750	12|13	1590|40345	0
1397	3	暴击神兵	396	6800	12|13	1590|40527	0
1398	3	暴击神兵	397	6850	12|13	1590|40710	0
1399	3	暴击神兵	398	6910	12|13	1590|40894	0
1400	3	暴击神兵	399	6955	12|13	1590|41078	0
1401	3	暴击神兵	400	0	12|13	1590|41263	0
