int	string	string	int
RewardID	Reward	ICON	Money
天数ID	职业对应的奖励内容,每个职业5组数据，物品ID和物品数量(1.枪豪2.道师3.剑修)	选项图片	奖励价值
1	{"1":[[2,1],[954,10],[921,1],[922,1]],"2":[[2,1],[954,10],[921,1],[922,1]],"3":[[2,1],[954,10],[921,1],[922,1]]}	NoIcon	30
2	{"1":[[251,1],[103,1],[954,10],[952,1]],"2":[[251,1],[103,1],[954,10],[952,1]],"3":[[251,1],[103,1],[954,10],[952,1]]}	NoIcon	50
3	{"1":[[4204,1],[106,1],[912,1],[2,1]],"2":[[4204,1],[106,1],[912,1],[2,1]],"3":[[4204,1],[106,1],[912,1],[2,1]]}	NoIcon	80
4	{"1":[[4184,1],[4151,5],[30,100],[923,1]],"2":[[4184,1],[4151,5],[30,100],[923,1]],"3":[[4184,1],[4151,5],[30,100],[923,1]]}	NoIcon	150
5	{"1":[[53,1],[2,1],[2107,3],[924,1]],"2":[[53,1],[2,1],[2107,3],[924,1]],"3":[[53,1],[2,1],[2107,3],[924,1]]}	NoIcon	200
6	{"1":[[195,1],[3,1],[921,1],[923,1]],"2":[[195,1],[3,1],[921,1],[923,1]],"3":[[195,1],[3,1],[921,1],[923,1]]}	NoIcon	300
7	{"1":[[40,1],[911,1],[181,5],[30,100]],"2":[[40,1],[911,1],[181,5],[30,100]],"3":[[40,1],[911,1],[181,5],[30,100]]}	NoIcon	500
