int	int	int	int	string
id	type	needDay	needLV	award
ID(百位是类型个位十位是该类型下的索引)	类型	需要天数	需要等级	奖励
101	1	1	0	{"1":[[30,300,1]]}
102	1	2	0	{"1":[[30,70,1]]}
103	1	3	0	{"1":[[30,70,1]]}
104	1	4	0	{"1":[[30,70,1]]}
105	1	5	0	{"1":[[30,70,1]]}
106	1	6	0	{"1":[[30,70,1]]}
107	1	7	0	{"1":[[30,70,1]]}
108	1	8	0	{"1":[[30,70,1]]}
109	1	9	0	{"1":[[30,70,1]]}
110	1	10	0	{"1":[[30,70,1]]}
111	1	11	0	{"1":[[30,70,1]]}
112	1	12	0	{"1":[[30,70,1]]}
113	1	13	0	{"1":[[30,70,1]]}
114	1	14	0	{"1":[[30,70,1]]}
115	1	15	0	{"1":[[30,70,1]]}
116	1	16	0	{"1":[[30,70,1]]}
117	1	17	0	{"1":[[30,70,1]]}
118	1	18	0	{"1":[[30,70,1]]}
119	1	19	0	{"1":[[30,70,1]]}
120	1	20	0	{"1":[[30,70,1]]}
121	1	21	0	{"1":[[30,70,1]]}
122	1	22	0	{"1":[[30,70,1]]}
123	1	23	0	{"1":[[30,70,1]]}
124	1	24	0	{"1":[[30,70,1]]}
125	1	25	0	{"1":[[30,70,1]]}
126	1	26	0	{"1":[[30,70,1]]}
127	1	27	0	{"1":[[30,70,1]]}
128	1	28	0	{"1":[[30,70,1]]}
129	1	29	0	{"1":[[30,70,1]]}
130	1	30	0	{"1":[[30,70,1]]}
131	1	31	0	{"1":[[30,70,1]]}
201	2	1	0	{"1":[[4010,2,1],[102,1,1],[3502,1,1]],"2":[[4010,2,1],[102,1,1],[3502,1,1]],"3":[[4010,2,1],[102,1,1],[3502,1,1]]}
202	2	2	0	{"1":[[4010,2,1],[102,1,1],[3502,1,1]],"2":[[4010,2,1],[102,1,1],[3502,1,1]],"3":[[4010,2,1],[102,1,1],[3502,1,1]]}
203	2	3	0	{"1":[[4010,2,1],[102,1,1],[3502,1,1]],"2":[[4010,2,1],[102,1,1],[3502,1,1]],"3":[[4010,2,1],[102,1,1],[3502,1,1]]}
204	2	4	0	{"1":[[4010,2,1],[102,1,1],[3503,1,1]],"2":[[4010,2,1],[102,1,1],[3503,1,1]],"3":[[4010,2,1],[102,1,1],[3503,1,1]]}
205	2	5	0	{"1":[[4010,2,1],[105,1,1],[3512,1,1]],"2":[[4010,2,1],[105,1,1],[3512,1,1]],"3":[[4010,2,1],[105,1,1],[3512,1,1]]}
206	2	6	0	{"1":[[4010,2,1],[105,1,1],[3512,1,1]],"2":[[4010,2,1],[105,1,1],[3512,1,1]],"3":[[4010,2,1],[105,1,1],[3512,1,1]]}
207	2	7	0	{"1":[[4010,2,1],[105,1,1],[3513,1,1]],"2":[[4010,2,1],[105,1,1],[3513,1,1]],"3":[[4010,2,1],[105,1,1],[3513,1,1]]}
208	2	8	0	{"1":[[4010,2,1],[102,1,1],[3502,1,1]],"2":[[4010,2,1],[102,1,1],[3502,1,1]],"3":[[4010,2,1],[102,1,1],[3502,1,1]]}
209	2	9	0	{"1":[[4010,2,1],[102,1,1],[3502,1,1]],"2":[[4010,2,1],[102,1,1],[3502,1,1]],"3":[[4010,2,1],[102,1,1],[3502,1,1]]}
210	2	10	0	{"1":[[4010,2,1],[102,1,1],[3502,1,1]],"2":[[4010,2,1],[102,1,1],[3502,1,1]],"3":[[4010,2,1],[102,1,1],[3502,1,1]]}
211	2	11	0	{"1":[[4010,2,1],[102,1,1],[3503,1,1]],"2":[[4010,2,1],[102,1,1],[3503,1,1]],"3":[[4010,2,1],[102,1,1],[3503,1,1]]}
212	2	12	0	{"1":[[4010,2,1],[105,1,1],[3512,1,1]],"2":[[4010,2,1],[105,1,1],[3512,1,1]],"3":[[4010,2,1],[105,1,1],[3512,1,1]]}
213	2	13	0	{"1":[[4010,2,1],[105,1,1],[3512,1,1]],"2":[[4010,2,1],[105,1,1],[3512,1,1]],"3":[[4010,2,1],[105,1,1],[3512,1,1]]}
214	2	14	0	{"1":[[4010,2,1],[105,1,1],[3513,1,1]],"2":[[4010,2,1],[105,1,1],[3513,1,1]],"3":[[4010,2,1],[105,1,1],[3513,1,1]]}
215	2	15	0	{"1":[[4010,2,1],[102,1,1],[3502,1,1]],"2":[[4010,2,1],[102,1,1],[3502,1,1]],"3":[[4010,2,1],[102,1,1],[3502,1,1]]}
216	2	16	0	{"1":[[4010,2,1],[102,1,1],[3502,1,1]],"2":[[4010,2,1],[102,1,1],[3502,1,1]],"3":[[4010,2,1],[102,1,1],[3502,1,1]]}
217	2	17	0	{"1":[[4010,2,1],[102,1,1],[3502,1,1]],"2":[[4010,2,1],[102,1,1],[3502,1,1]],"3":[[4010,2,1],[102,1,1],[3502,1,1]]}
218	2	18	0	{"1":[[4010,2,1],[102,1,1],[3503,1,1]],"2":[[4010,2,1],[102,1,1],[3503,1,1]],"3":[[4010,2,1],[102,1,1],[3503,1,1]]}
219	2	19	0	{"1":[[4010,2,1],[105,1,1],[3512,1,1]],"2":[[4010,2,1],[105,1,1],[3512,1,1]],"3":[[4010,2,1],[105,1,1],[3512,1,1]]}
220	2	20	0	{"1":[[4010,2,1],[105,1,1],[3512,1,1]],"2":[[4010,2,1],[105,1,1],[3512,1,1]],"3":[[4010,2,1],[105,1,1],[3512,1,1]]}
221	2	21	0	{"1":[[4010,2,1],[105,1,1],[3513,1,1]],"2":[[4010,2,1],[105,1,1],[3513,1,1]],"3":[[4010,2,1],[105,1,1],[3513,1,1]]}
222	2	22	0	{"1":[[4010,2,1],[102,1,1],[3502,1,1]],"2":[[4010,2,1],[102,1,1],[3502,1,1]],"3":[[4010,2,1],[102,1,1],[3502,1,1]]}
223	2	23	0	{"1":[[4010,2,1],[102,1,1],[3502,1,1]],"2":[[4010,2,1],[102,1,1],[3502,1,1]],"3":[[4010,2,1],[102,1,1],[3502,1,1]]}
224	2	24	0	{"1":[[4010,2,1],[102,1,1],[3502,1,1]],"2":[[4010,2,1],[102,1,1],[3502,1,1]],"3":[[4010,2,1],[102,1,1],[3502,1,1]]}
225	2	25	0	{"1":[[4010,2,1],[102,1,1],[3503,1,1]],"2":[[4010,2,1],[102,1,1],[3503,1,1]],"3":[[4010,2,1],[102,1,1],[3503,1,1]]}
226	2	26	0	{"1":[[4010,2,1],[105,1,1],[3512,1,1]],"2":[[4010,2,1],[105,1,1],[3512,1,1]],"3":[[4010,2,1],[105,1,1],[3512,1,1]]}
227	2	27	0	{"1":[[4010,2,1],[105,1,1],[3512,1,1]],"2":[[4010,2,1],[105,1,1],[3512,1,1]],"3":[[4010,2,1],[105,1,1],[3512,1,1]]}
228	2	28	0	{"1":[[4010,2,1],[105,1,1],[3513,1,1]],"2":[[4010,2,1],[105,1,1],[3513,1,1]],"3":[[4010,2,1],[105,1,1],[3513,1,1]]}
301	3	0	0	{"1":[[30,680,0]], "2":[[30,1280,0]], "3":[[30,1880,0]]}
302	3	0	150	{"1":[[30,180,0]], "2":[[30,300,0]], "3":[[30,420,0]]}
303	3	0	180	{"1":[[30,240,0]], "2":[[30,420,0]], "3":[[30,600,0]]}
304	3	0	210	{"1":[[30,300,0]], "2":[[30,540,0]], "3":[[30,780,0]]}
305	3	0	240	{"1":[[30,360,0]], "2":[[30,660,0]], "3":[[30,960,0]]}
306	3	0	260	{"1":[[30,420,0]], "2":[[30,780,0]], "3":[[30,1140,0]]}
307	3	0	280	{"1":[[30,480,0]], "2":[[30,900,0]], "3":[[30,1320,0]]}
308	3	0	300	{"1":[[30,540,0]], "2":[[30,1020,0]], "3":[[30,1500,0]]}
309	3	0	320	{"1":[[30,600,0]], "2":[[30,1140,0]], "3":[[30,1680,0]]}
310	3	0	340	{"1":[[30,660,0]], "2":[[30,1260,0]], "3":[[30,1860,0]]}
311	3	0	360	{"1":[[30,720,0]], "2":[[30,1380,0]], "3":[[30,2040,0]]}
312	3	0	380	{"1":[[30,780,0]], "2":[[30,1500,0]], "3":[[30,2220,0]]}
313	3	0	400	{"1":[[30,840,0]], "2":[[30,1620,0]], "3":[[30,2400,0]]}
