int	int	int	string	string
ID	RangListType	Condition	Gift	Tip
奖励ID	榜单类型	达成目标数量	职业对应的礼包内容,每个职业5组数据，物品ID和物品数量(1.枪豪2.道师3.剑修)	目标提示
1	2	8	{"1":[[181,10],[3,2]],"2":[[181,10],[3,2]],"3":[[181,10],[3,2]]}	坐骑总等级达到8级领取
2	2	4	{"1":[[181,5],[3,1]],"2":[[181,5],[3,1]],"3":[[181,5],[3,1]]}	坐骑总等级达到4级领取
3	1	160	{"1":[[3501,4],[3511,4]],"2":[[3501,4],[3511,4]],"3":[[3501,4],[3511,4]]}	强化总等级达到140级领取
4	1	120	{"1":[[3501,2],[3511,2]],"2":[[3501,2],[3511,2]],"3":[[3501,2],[3511,2]]}	强化总等级达到120级领取
5	3	12	{"1":[[4151,10],[3,2]],"2":[[4151,10],[3,2]],"3":[[4151,10],[3,2]]}	宝石总等级达到15级领取
6	3	6	{"1":[[4151,5],[3,1]],"2":[[4151,5],[3,1]],"3":[[4151,5],[3,1]]}	宝石总等级达到10级领取
7	4	190	{"1":[[106,2],[103,2]],"2":[[106,2],[103,2]],"3":[[106,2],[103,2]]}	角色等级达到190级领取
8	4	180	{"1":[[105,2],[102,2]],"2":[[105,2],[102,2]],"3":[[105,2],[102,2]]}	角色等级达到180级领取
9	5	5	{"1":[[3513,1],[3503,1]],"2":[[3513,1],[3503,1]],"3":[[3513,1],[3503,1]]}	境界达到辟谷领取
10	5	4	{"1":[[3512,1],[3502,1]],"2":[[3512,1],[3502,1]],"3":[[3512,1],[3502,1]]}	境界达到筑基领取
11	6	1000000	{"1":[[106,2],[103,2]],"2":[[106,2],[103,2]],"3":[[106,2],[103,2]]}	战力达到100万领取
12	6	800000	{"1":[[105,2],[102,2]],"2":[[105,2],[102,2]],"3":[[105,2],[102,2]]}	战力达到80万领取
