int	int	int	int	int
ID	PetID	Rank	UpNeedExp	AtkAdd
编号	灵宠NPCID	灵宠阶数	灵宠升阶所需经验数	当前等级灵宠攻击
1	50106001	1	99	103
2	50106001	2	124	145
3	50106001	3	139	189
4	50106001	4	153	236
5	50106001	5	161	286
6	50106001	6	180	339
7	50106001	7	218	396
8	50106001	8	254	457
9	50106001	9	302	521
10	50106001	10	414	589
11	50106001	11	573	661
12	50106001	12	639	738
13	50106001	13	715	819
14	50106001	14	829	906
15	50106001	15	0	997
51	50106002	1	370	139
52	50106002	2	401	191
53	50106002	3	436	246
54	50106002	4	473	305
55	50106002	5	512	368
56	50106002	6	555	435
57	50106002	7	599	506
58	50106002	8	647	581
59	50106002	9	697	661
60	50106002	10	750	747
61	50106002	11	805	837
62	50106002	12	863	932
63	50106002	13	923	1034
64	50106002	14	987	1142
65	50106002	15	1052	1257
66	50106002	16	1121	1378
67	50106002	17	1192	1506
68	50106002	18	1266	1641
69	50106002	19	1351	1782
70	50106002	20	0	1931
101	50106101	1	1234	247
102	50106101	2	1339	420
103	50106101	3	1454	604
104	50106101	4	1577	801
105	50106101	5	1709	1010
106	50106101	6	1850	1232
107	50106101	7	1999	1469
108	50106101	8	2157	1721
109	50106101	9	2324	1988
110	50106101	10	2500	2272
111	50106101	11	2684	2572
112	50106101	12	2877	2891
113	50106101	13	3079	3231
114	50106101	14	3290	3591
115	50106101	15	3509	3973
116	50106101	16	3738	4377
117	50106101	17	3975	4803
118	50106101	18	4220	5252
119	50106101	19	4475	5725
120	50106101	20	4738	6221
121	50106101	21	5010	6743
122	50106101	22	5290	7279
123	50106101	23	5580	7829
124	50106101	24	5878	8392
125	50106101	25	6185	8969
126	50106101	26	6500	9556
127	50106101	27	6825	10154
128	50106101	28	7158	10762
129	50106101	29	7546	11377
130	50106101	30	0	12000
151	50106102	1	740	247
152	50106102	2	803	351
153	50106102	3	872	461
154	50106102	4	946	579
155	50106102	5	1025	705
156	50106102	6	1110	838
157	50106102	7	1199	980
158	50106102	8	1294	1131
159	50106102	9	1394	1292
160	50106102	10	1500	1462
161	50106102	11	1610	1642
162	50106102	12	1726	1834
163	50106102	13	1847	2037
164	50106102	14	1974	2254
165	50106102	15	2105	2483
166	50106102	16	2242	2725
167	50106102	17	2385	2980
168	50106102	18	2532	3250
169	50106102	19	2685	3534
170	50106102	20	2842	3832
171	50106102	21	3006	4144
172	50106102	22	3174	4466
173	50106102	23	3348	4796
174	50106102	24	3527	5134
175	50106102	25	3711	5480
176	50106102	26	3900	5833
177	50106102	27	4095	6191
178	50106102	28	4295	6556
179	50106102	29	4513	6925
180	50106102	30	0	7299
201	50106201	1	1480	571
202	50106201	2	1607	779
203	50106201	3	1745	1000
204	50106201	4	1892	1235
205	50106201	5	2051	1486
206	50106201	6	2220	1753
207	50106201	7	2399	2037
208	50106201	8	2589	2339
209	50106201	9	2789	2660
210	50106201	10	3000	3001
211	50106201	11	3221	3361
212	50106201	12	3453	3744
213	50106201	13	3695	4152
214	50106201	14	3948	4584
215	50106201	15	4211	5042
216	50106201	16	4485	5526
217	50106201	17	4770	6038
218	50106201	18	5064	6577
219	50106201	19	5370	7144
220	50106201	20	5685	7740
221	50106201	21	6012	8366
222	50106201	22	6349	9009
223	50106201	23	6696	9669
224	50106201	24	7054	10346
225	50106201	25	7422	11037
226	50106201	26	7801	11742
227	50106201	27	8190	12460
228	50106201	28	8590	13189
229	50106201	29	9000	13927
230	50106201	30	9421	14674
231	50106201	31	9852	15428
232	50106201	32	10294	16197
233	50106201	33	10746	16979
234	50106201	34	11209	17774
235	50106201	35	11682	18581
236	50106201	36	12166	19399
237	50106201	37	12660	20226
238	50106201	38	13165	21062
239	50106201	39	13717	21905
240	50106201	40	0	22753
251	50106301	1	1974	1399
252	50106301	2	2143	1676
253	50106301	3	2326	1970
254	50106301	4	2523	2285
255	50106301	5	2735	2619
256	50106301	6	2960	2975
257	50106301	7	3199	3353
258	50106301	8	3452	3757
259	50106301	9	3719	4185
260	50106301	10	4000	4638
261	50106301	11	4295	5118
262	50106301	12	4604	5630
263	50106301	13	4927	6173
264	50106301	14	5264	6750
265	50106301	15	5615	7360
266	50106301	16	5981	8006
267	50106301	17	6360	8688
268	50106301	18	6753	9407
269	50106301	19	7160	10163
270	50106301	20	7581	10958
271	50106301	21	8016	11792
272	50106301	22	8465	12650
273	50106301	23	8928	13530
274	50106301	24	9405	14432
275	50106301	25	9896	15353
276	50106301	26	10401	16294
277	50106301	27	10920	17251
278	50106301	28	11453	18222
279	50106301	29	12000	19207
280	50106301	30	12561	20203
281	50106301	31	13136	21208
282	50106301	32	13725	22233
283	50106301	33	14328	23276
284	50106301	34	14945	24337
285	50106301	35	15576	25413
286	50106301	36	16221	26503
287	50106301	37	16880	27606
288	50106301	38	17553	28720
289	50106301	39	18240	29844
290	50106301	40	18941	30975
291	50106301	41	19656	32111
292	50106301	42	20385	33290
293	50106301	43	21128	34514
294	50106301	44	21885	35781
295	50106301	45	22656	37094
296	50106301	46	23441	38454
297	50106301	47	24240	39860
298	50106301	48	25053	41315
299	50106301	49	25895	42818
300	50106301	50	0	44371
301	50106204	1	1234	463
302	50106204	2	1339	636
303	50106204	3	1454	820
304	50106204	4	1577	1017
305	50106204	5	1709	1226
306	50106204	6	1850	1448
307	50106204	7	1999	1685
308	50106204	8	2157	1937
309	50106204	9	2324	2204
310	50106204	10	2500	2488
311	50106204	11	2684	2788
312	50106204	12	2877	3107
313	50106204	13	3079	3447
314	50106204	14	3290	3807
315	50106204	15	3509	4189
316	50106204	16	3738	4593
317	50106204	17	3975	5019
318	50106204	18	4220	5468
319	50106204	19	4475	5941
320	50106204	20	4738	6437
321	50106204	21	5010	6959
322	50106204	22	5290	7495
323	50106204	23	5580	8045
324	50106204	24	5878	8608
325	50106204	25	6185	9185
326	50106204	26	6500	9772
327	50106204	27	6825	10370
328	50106204	28	7158	10978
329	50106204	29	7500	11593
330	50106204	30	7850	12216
331	50106204	31	8210	12844
332	50106204	32	8578	13484
333	50106204	33	8955	14136
334	50106204	34	9341	14799
335	50106204	35	9735	15472
336	50106204	36	10138	16153
337	50106204	37	10550	16842
338	50106204	38	10970	17539
339	50106204	39	11419	18241
340	50106204	40	0	18948
351	50106302	1	2468	3199
352	50106302	2	2679	3545
353	50106302	3	2908	3913
354	50106302	4	3154	4306
355	50106302	5	3418	4724
356	50106302	6	3700	5168
357	50106302	7	3999	5642
358	50106302	8	4315	6146
359	50106302	9	4649	6681
360	50106302	10	5000	7248
361	50106302	11	5369	7848
362	50106302	12	5755	8487
363	50106302	13	6159	9166
364	50106302	14	6581	9887
365	50106302	15	7019	10651
366	50106302	16	7476	11458
367	50106302	17	7950	12310
368	50106302	18	8441	13209
369	50106302	19	8950	14154
370	50106302	20	9476	15147
371	50106302	21	10020	16190
372	50106302	22	10581	17262
373	50106302	23	11160	18363
374	50106302	24	11756	19490
375	50106302	25	12370	20642
376	50106302	26	13001	21817
377	50106302	27	13650	23013
378	50106302	28	14316	24228
379	50106302	29	15000	25460
380	50106302	30	15701	26705
381	50106302	31	16420	27961
382	50106302	32	17157	29242
383	50106302	33	17910	30545
384	50106302	34	18682	31871
385	50106302	35	19470	33216
386	50106302	36	20277	34579
387	50106302	37	21100	35958
388	50106302	38	21941	37350
389	50106302	39	22800	38755
390	50106302	40	23676	40168
391	50106302	41	24570	41589
392	50106302	42	25481	43063
393	50106302	43	26410	44592
394	50106302	44	27356	46177
395	50106302	45	28320	47818
396	50106302	46	29301	49517
397	50106302	47	30300	51275
398	50106302	48	31316	53094
399	50106302	49	32392	54972
400	50106302	50	0	56914
401	50106103	1	987	391
402	50106103	2	1071	529
403	50106103	3	1163	677
404	50106103	4	1261	834
405	50106103	5	1367	1001
406	50106103	6	1480	1179
407	50106103	7	1599	1368
408	50106103	8	1726	1570
409	50106103	9	1859	1784
410	50106103	10	2000	2011
411	50106103	11	2147	2251
412	50106103	12	2302	2506
413	50106103	13	2463	2778
414	50106103	14	2632	3066
415	50106103	15	2807	3372
416	50106103	16	2990	3695
417	50106103	17	3180	4036
418	50106103	18	3376	4395
419	50106103	19	3580	4773
420	50106103	20	3790	5170
421	50106103	21	4008	5587
422	50106103	22	4232	6016
423	50106103	23	4464	6457
424	50106103	24	4702	6907
425	50106103	25	4948	7368
426	50106103	26	5200	7838
427	50106103	27	5460	8317
428	50106103	28	5726	8803
429	50106103	29	6080	9295
430	50106103	30	0	9793
451	50106303	1	2468	3199
452	50106303	2	2679	3545
453	50106303	3	2908	3913
454	50106303	4	3154	4306
455	50106303	5	3418	4724
456	50106303	6	3700	5168
457	50106303	7	3999	5642
458	50106303	8	4315	6146
459	50106303	9	4649	6681
460	50106303	10	5000	7248
461	50106303	11	5369	7848
462	50106303	12	5755	8487
463	50106303	13	6159	9166
464	50106303	14	6581	9887
465	50106303	15	7019	10651
466	50106303	16	7476	11458
467	50106303	17	7950	12310
468	50106303	18	8441	13209
469	50106303	19	8950	14154
470	50106303	20	9476	15147
471	50106303	21	10020	16190
472	50106303	22	10581	17262
473	50106303	23	11160	18363
474	50106303	24	11756	19490
475	50106303	25	12370	20642
476	50106303	26	13001	21817
477	50106303	27	13650	23013
478	50106303	28	14316	24228
479	50106303	29	15000	25460
480	50106303	30	15701	26705
481	50106303	31	16420	27961
482	50106303	32	17157	29242
483	50106303	33	17910	30545
484	50106303	34	18682	31871
485	50106303	35	19470	33216
486	50106303	36	20277	34579
487	50106303	37	21100	35958
488	50106303	38	21941	37350
489	50106303	39	22800	38755
490	50106303	40	23676	40168
491	50106303	41	24570	41589
492	50106303	42	25481	43063
493	50106303	43	26410	44592
494	50106303	44	27356	46177
495	50106303	45	28320	47818
496	50106303	46	29301	49517
497	50106303	47	30300	51275
498	50106303	48	31316	53094
499	50106303	49	32392	54972
500	50106303	50	0	56914
501	50106304	1	2468	3199
502	50106304	2	2679	3545
503	50106304	3	2908	3913
504	50106304	4	3154	4306
505	50106304	5	3418	4724
506	50106304	6	3700	5168
507	50106304	7	3999	5642
508	50106304	8	4315	6146
509	50106304	9	4649	6681
510	50106304	10	5000	7248
511	50106304	11	5369	7848
512	50106304	12	5755	8487
513	50106304	13	6159	9166
514	50106304	14	6581	9887
515	50106304	15	7019	10651
516	50106304	16	7476	11458
517	50106304	17	7950	12310
518	50106304	18	8441	13209
519	50106304	19	8950	14154
520	50106304	20	9476	15147
521	50106304	21	10020	16190
522	50106304	22	10581	17262
523	50106304	23	11160	18363
524	50106304	24	11756	19490
525	50106304	25	12370	20642
526	50106304	26	13001	21817
527	50106304	27	13650	23013
528	50106304	28	14316	24228
529	50106304	29	15000	25460
530	50106304	30	15701	26705
531	50106304	31	16420	27961
532	50106304	32	17157	29242
533	50106304	33	17910	30545
534	50106304	34	18682	31871
535	50106304	35	19470	33216
536	50106304	36	20277	34579
537	50106304	37	21100	35958
538	50106304	38	21941	37350
539	50106304	39	22800	38755
540	50106304	40	23676	40168
541	50106304	41	24570	41589
542	50106304	42	25481	43063
543	50106304	43	26410	44592
544	50106304	44	27356	46177
545	50106304	45	28320	47818
546	50106304	46	29301	49517
547	50106304	47	30300	51275
548	50106304	48	31316	53094
549	50106304	49	32392	54972
550	50106304	50	0	56914
