int	int	int	string	string	int	int	int	int	int	int	int
ID	TowerId	FloorIndex	FloorName	RewardTitle	RuneEssence	RuneMagicEssence	BossId	UnLockRune	UnLockHole	UnLockCompose	RuneDrop
唯一标识	所属的塔	塔层序号	塔名	塔层奖励标题	符印精华数量	符印融合石数量	BossId	解锁的符印类型	解锁的符印孔数量	解锁的符印合成类型	符印掉落物品id
101	1	1	第一层	通关第一层奖励	1000	0	60103001	0	0	0	4316
102	1	2	第二层	通关第二层奖励	1000	0	60103002	0	0	0	4316
103	1	3	第三层	通关第三层奖励	1000	0	60103003	0	0	0	4317
104	1	4	第四层	通关第四层奖励	5000	0	60103004	0	0	0	4317
105	1	5	第五层	通关第五层奖励	1000	0	60103005	0	0	0	4318
106	1	6	第六层	通关第六层奖励	1000	0	60103006	0	0	0	4318
107	1	7	第七层	通关第七层奖励	1000	0	60103007	0	0	0	4319
108	1	8	第八层	通关第八层奖励	5000	0	60103008	4314	0	0	4319
201	2	1	第一层	通关第一层奖励	1200	0	60103009	0	0	0	4311
202	2	2	第二层	通关第二层奖励	1200	0	60103010	0	0	0	4311
203	2	3	第三层	通关第三层奖励	1200	0	60103011	0	0	0	4312
204	2	4	第四层	通关第四层奖励	8400	0	60103012	0	1	0	4312
205	2	5	第五层	通关第五层奖励	1200	0	60103013	0	0	0	4313
206	2	6	第六层	通关第六层奖励	1200	0	60103014	0	0	0	4313
207	2	7	第七层	通关第七层奖励	1200	0	60103015	0	0	0	4314
208	2	8	第八层	通关第八层奖励	8400	0	60103016	4334	0	0	4314
301	3	1	第一层	通关第一层奖励	2000	0	60103017	0	0	0	4331
302	3	2	第二层	通关第二层奖励	2000	0	60103018	0	0	0	4331
303	3	3	第三层	通关第三层奖励	2000	0	60103019	0	0	0	4332
304	3	4	第四层	通关第四层奖励	14000	0	60103020	0	1	0	4332
305	3	5	第五层	通关第五层奖励	2000	0	60103021	0	0	0	4333
306	3	6	第六层	通关第六层奖励	2000	0	60103022	0	0	0	4333
307	3	7	第七层	通关第七层奖励	2000	0	60103023	0	0	0	4334
308	3	8	第八层	通关第八层奖励	14000	0	60103024	4394	0	0	4334
401	4	1	第一层	通关第一层奖励	3200	0	60103025	0	0	0	4391
402	4	2	第二层	通关第二层奖励	3200	0	60103026	0	0	0	4391
403	4	3	第三层	通关第三层奖励	3200	0	60103027	0	0	0	4392
404	4	4	第四层	通关第四层奖励	22400	0	60103028	0	1	0	4392
405	4	5	第五层	通关第五层奖励	3200	0	60103029	0	0	0	4393
406	4	6	第六层	通关第六层奖励	3200	0	60103030	0	0	0	4393
407	4	7	第七层	通关第七层奖励	3200	0	60103031	0	0	0	4394
408	4	8	第八层	通关第八层奖励	22400	0	60103032	4384	0	0	4394
501	5	1	第一层	通关第一层奖励	4800	0	60103033	0	0	0	4381
502	5	2	第二层	通关第二层奖励	4800	0	60103034	0	0	0	4381
503	5	3	第三层	通关第三层奖励	4800	0	60103035	0	0	0	4382
504	5	4	第四层	通关第四层奖励	33600	0	60103036	0	1	0	4382
505	5	5	第五层	通关第五层奖励	4800	0	60103037	0	0	0	4383
506	5	6	第六层	通关第六层奖励	4800	0	60103038	0	0	0	4383
507	5	7	第七层	通关第七层奖励	4800	0	60103039	0	0	0	4384
508	5	8	第八层	通关第八层奖励	33600	0	60103040	4364	0	0	4384
601	6	1	第一层	通关第一层奖励	6400	0	60103041	0	0	0	4361
602	6	2	第二层	通关第二层奖励	6400	0	60103042	0	0	0	4361
603	6	3	第三层	通关第三层奖励	6400	0	60103043	0	0	0	4362
604	6	4	第四层	通关第四层奖励	44800	0	60103044	0	1	0	4362
605	6	5	第五层	通关第五层奖励	6400	0	60103045	0	0	0	4363
606	6	6	第六层	通关第六层奖励	6400	0	60103046	0	0	0	4363
607	6	7	第七层	通关第七层奖励	6400	0	60103047	0	0	0	4364
608	6	8	第八层	通关第八层奖励	44800	0	60103048	4354	0	0	4364
701	7	1	第一层	通关第一层奖励	9600	0	60103049	0	0	0	4351
702	7	2	第二层	通关第二层奖励	9600	0	60103050	0	0	0	4351
703	7	3	第三层	通关第三层奖励	9600	0	60103051	0	0	0	4352
704	7	4	第四层	通关第四层奖励	67200	0	60103052	0	1	0	4352
705	7	5	第五层	通关第五层奖励	9600	0	60103053	0	0	0	4353
706	7	6	第六层	通关第六层奖励	9600	0	60103054	0	0	0	4353
707	7	7	第七层	通关第七层奖励	9600	0	60103055	0	0	0	4354
708	7	8	第八层	通关第八层奖励	67200	0	60103056	4349	0	0	4354
801	8	1	第一层	通关第一层奖励	12800	0	60103057	0	0	0	4346
802	8	2	第二层	通关第二层奖励	12800	0	60103058	0	0	0	4346
803	8	3	第三层	通关第三层奖励	12800	0	60103059	0	0	0	4347
804	8	4	第四层	通关第四层奖励	89600	0	60103060	0	1	0	4347
805	8	5	第五层	通关第五层奖励	12800	0	60103061	0	0	0	4348
806	8	6	第六层	通关第六层奖励	12800	0	60103062	0	0	0	4348
807	8	7	第七层	通关第七层奖励	12800	0	60103063	0	0	0	4349
808	8	8	第八层	通关第八层奖励	89600	0	60103064	4359	0	0	4349
901	9	1	第一层	通关第一层奖励	12800	32	60103065	0	0	0	4356
902	9	2	第二层	通关第二层奖励	12800	32	60103066	0	0	0	4356
903	9	3	第三层	通关第三层奖励	12800	32	60103067	0	0	0	4357
904	9	4	第四层	通关第四层奖励	89600	96	60103068	0	0	4400	4357
905	9	5	第五层	通关第五层奖励	12800	32	60103069	0	0	0	4358
906	9	6	第六层	通关第六层奖励	12800	32	60103070	0	0	0	4358
907	9	7	第七层	通关第七层奖励	12800	32	60103071	0	0	0	4359
908	9	8	第八层	通关第八层奖励	89600	96	60103072	4389	0	0	4359
1001	10	1	第一层	通关第一层奖励	12800	64	60103073	0	0	0	4386
1002	10	2	第二层	通关第二层奖励	12800	64	60103074	0	0	0	4386
1003	10	3	第三层	通关第三层奖励	12800	64	60103075	0	0	0	4387
1004	10	4	第四层	通关第四层奖励	89600	192	60103076	0	0	4415	4387
1005	10	5	第五层	通关第五层奖励	12800	64	60103077	0	0	0	4388
1006	10	6	第六层	通关第六层奖励	12800	64	60103078	0	0	0	4388
1007	10	7	第七层	通关第七层奖励	12800	64	60103079	0	0	0	4389
1008	10	8	第八层	通关第八层奖励	89600	192	60103080	4379	0	0	4389
1101	11	1	第一层	通关第一层奖励	12800	96	60103049	0	0	0	4376
1102	11	2	第二层	通关第二层奖励	12800	96	60103050	0	0	0	4376
1103	11	3	第三层	通关第三层奖励	12800	96	60103051	0	0	0	4377
1104	11	4	第四层	通关第四层奖励	89600	288	60103052	0	0	4405	4377
1105	11	5	第五层	通关第五层奖励	12800	96	60103053	0	0	0	4378
1106	11	6	第六层	通关第六层奖励	12800	96	60103054	0	0	0	4378
1107	11	7	第七层	通关第七层奖励	12800	96	60103055	0	0	0	4379
1108	11	8	第八层	通关第八层奖励	89600	288	60103056	4374	0	0	4379
1201	12	1	第一层	通关第一层奖励	12800	128	60103057	0	0	0	4371
1202	12	2	第二层	通关第二层奖励	12800	128	60103058	0	0	0	4371
1203	12	3	第三层	通关第三层奖励	12800	128	60103059	0	0	0	4372
1204	12	4	第四层	通关第四层奖励	89600	384	60103060	0	0	4410	4372
1205	12	5	第五层	通关第五层奖励	12800	128	60103061	0	0	0	4373
1206	12	6	第六层	通关第六层奖励	12800	128	60103062	0	0	0	4373
1207	12	7	第七层	通关第七层奖励	12800	128	60103063	0	0	0	4374
1208	12	8	第八层	通关第八层奖励	89600	384	60103064	0	0	4420	4374
