int	string	int	int	string
VIPLV	VIPgift	GiftPrice	OldPrice	specialGiftIcon
VIP等级	职业对应的礼包内容,每个职业5组数据，物品ID和物品数量(1.枪豪2.道师3.剑修)	礼包价格	礼包原价	礼包特殊物品图标
1	{"1":[[2122,1,1],[911,1,1],[2,2,1],[923,1,1],[181,10,1]],"2":[[2122,1,1],[911,1,1],[2,2,1],[923,1,1],[181,10,1]],"3":[[2122,1,1],[911,1,1],[2,2,1],[923,1,1],[181,10,1]]}	88	500	XT_VIP_109
2	{"1":[[206,1,1],[912,1,1],[3,1,1],[923,1,1],[4151,20,1]],"2":[[206,1,1],[912,1,1],[3,1,1],[923,1,1],[4151,20,1]],"3":[[206,1,1],[912,1,1],[3,1,1],[923,1,1],[4151,20,1]]}	188	800	XT_VIP_112
3	{"1":[[2123,1,1],[106,1,1],[913,1,1],[3,2,1],[181,30,1]],"2":[[2123,1,1],[106,1,1],[913,1,1],[3,2,1],[181,30,1]],"3":[[2123,1,1],[106,1,1],[913,1,1],[3,2,1],[181,30,1]]}	388	1500	XT_VIP_109
4	{"1":[[254,1,1],[912,1,1],[3,3,1],[103,3,1],[181,40,1]],"2":[[254,1,1],[912,1,1],[3,3,1],[103,3,1],[181,40,1]],"3":[[254,1,1],[912,1,1],[3,3,1],[103,3,1],[181,40,1]]}	588	2000	XT_VIP_108
5	{"1":[[4212,1,1],[913,1,1],[3504,1,1],[3514,2,1],[4151,40,1]],"2":[[4212,1,1],[913,1,1],[3504,1,1],[3514,2,1],[4151,40,1]],"3":[[4212,1,1],[913,1,1],[3504,1,1],[3514,2,1],[4151,40,1]]}	1288	4000	XT_VIP_110
6	{"1":[[2124,1,1],[913,1,1],[3504,2,1],[3514,2,1],[5,1,1]],"2":[[2124,1,1],[913,1,1],[3504,2,1],[3514,2,1],[5,1,1]],"3":[[2124,1,1],[913,1,1],[3504,2,1],[3514,2,1],[5,1,1]]}	1888	6000	XT_VIP_109
7	{"1":[[202,1,1],[3505,1,1],[3515,1,1],[3807,1,1],[7,1,1]],"2":[[202,1,1],[3505,1,1],[3515,1,1],[3807,1,1],[7,1,1]],"3":[[202,1,1],[3505,1,1],[3515,1,1],[3807,1,1],[7,1,1]]}	2888	10000	XT_VIP_112
8	{"1":[[4189,1,1],[3506,1,1],[3516,1,1],[4151,150,1],[7,1,1]],"2":[[4189,1,1],[3506,1,1],[3516,1,1],[4151,150,1],[7,1,1]],"3":[[4189,1,1],[3506,1,1],[3516,1,1],[4151,150,1],[7,1,1]]}	6888	15000	XT_VIP_112
9	{"1":[[6602,1,0],[3507,1,1],[3517,1,1],[7,2,1],[181,200,1]],"2":[[6614,1,0],[3507,1,1],[3517,1,1],[7,2,1],[181,200,1]],"3":[[6608,1,0],[3507,1,1],[3517,1,1],[7,2,1],[181,200,1]]}	12888	50000	XT_VIP_111
10	{"1":[[6601,1,0],[196,1,1],[3508,1,1],[3518,1,1],[913,1,1]],"2":[[6613,1,0],[196,1,1],[3508,1,1],[3518,1,1],[913,1,1]],"3":[[6607,1,0],[196,1,1],[3508,1,1],[3518,1,1],[913,1,1]]}	28888	80000	XT_VIP_111
